2.0812323093414307
1.9318921566009521
1.919837236404419
1.8795132637023926
1.9508090019226074
1.7887463569641113
1.9501559734344482
1.932798147201538
1.9635810852050781
1.8433830738067627
1.9398484230041504
1.9595892429351807
1.8233017921447754
1.9095795154571533
1.887497901916504
1.8240327835083008
1.9182665348052979
1.9407751560211182
1.84376859664917
1.9864814281463623
1.8448798656463623
1.9001872539520264
1.877349853515625
1.9855327606201172
1.9041459560394287
1.9214355945587158
1.9497747421264648
1.8276734352111816
1.9609432220458984
1.9545378684997559
1.8593642711639404
1.9312658309936523
1.9627916812896729
1.9427595138549805
1.9034805297851562
1.8597609996795654
1.9343972206115723
1.8442249298095703
1.9497168064117432
1.910487174987793
1.9358608722686768
1.8057823181152344
1.9359190464019775
1.9290828704833984
1.8639531135559082
1.9133129119873047
1.9512958526611328
1.934086561203003
1.9160661697387695
1.8839633464813232
1.925699234008789
1.9464139938354492
1.826664924621582
1.96490478515625
1.842559576034546
1.8647613525390625
1.8958423137664795
1.9463872909545898
1.9214837551116943
1.8534743785858154
1.8367395401000977
1.9105284214019775
1.9341721534729004
1.939255952835083
1.8684563636779785
1.9434559345245361
1.9320523738861084
1.8884384632110596
1.9212627410888672
1.9570255279541016
1.9008514881134033
1.9083728790283203
1.9161162376403809
1.9450364112854004
1.9378392696380615
1.810028076171875
1.9451334476470947
1.816335916519165
1.902590036392212
1.933549404144287
1.9194118976593018
1.8809828758239746
1.8716437816619873
1.931279182434082
1.9363234043121338
1.9067165851593018
1.924076795578003
1.854569911956787
1.85963773727417
1.816493272781372
1.9135887622833252
1.823730230331421
1.9137790203094482
1.8987996578216553
1.9025347232818604
1.8676211833953857
1.9081971645355225
1.8508849143981934
1.9515621662139893
1.958127737045288
1.9733381271362305
1.8624026775360107
1.8878679275512695
1.9283888339996338
1.8969488143920898
2.0052857398986816
1.8099050521850586
1.9143450260162354
2.045053243637085
1.8273487091064453
2.0155327320098877
1.845731496810913
1.9019811153411865
1.7669634819030762
2.0446743965148926
1.8411481380462646
1.9330523014068604
1.882918357849121
1.9905555248260498
1.8527956008911133
1.9688401222229004
1.9497969150543213
1.7898578643798828
1.82822585105896
1.9567222595214844
1.8029630184173584
1.9050610065460205
1.92026686668396
1.9011619091033936
1.8479268550872803
1.828566551208496
1.9006531238555908
1.8241195678710938
1.8572568893432617
1.8208491802215576
1.8237016201019287
1.921088457107544
1.9855952262878418
1.8211479187011719
1.9534451961517334
1.8992736339569092
1.9206321239471436
1.8326945304870605
1.9163873195648193
1.8199586868286133
1.928575038909912
1.8779242038726807
1.9530029296875
1.9426524639129639
1.8225295543670654
1.882601261138916
1.8942654132843018
1.835059404373169
1.9639203548431396
1.884695053100586
1.9001150131225586
1.9107394218444824
1.837531328201294
1.827033281326294
1.7728354930877686
1.735687494277954
1.912780523300171
1.9477686882019043
1.917069911956787
1.9020063877105713
1.975210428237915
1.8135826587677002
1.9649031162261963
1.9519562721252441
1.8555757999420166
1.8703491687774658
1.9439752101898193
1.8867738246917725
1.9878931045532227
1.8988986015319824
1.9084782600402832
1.940537452697754
1.9462614059448242
1.8505339622497559
1.859076738357544
1.9232029914855957
1.9650933742523193
1.9304416179656982
1.8542437553405762
2.0260393619537354
1.8303837776184082
1.907724142074585
1.9467780590057373
1.8681206703186035
1.9283225536346436
1.8141522407531738
1.9676363468170166
1.9551784992218018
1.886214256286621
1.9602408409118652
1.9263191223144531
1.8547782897949219
1.8983492851257324
1.9835083484649658
1.8509905338287354
2.0044543743133545
1.8630571365356445
1.9186859130859375
1.9257867336273193
1.851356029510498
1.987520456314087
1.9380950927734375
1.8479714393615723
1.932055950164795
1.9346420764923096
1.9095566272735596
1.895470380783081
1.9534621238708496
1.824270486831665
1.934159517288208
1.957068920135498
1.801316499710083
1.9120426177978516
1.9009270668029785
1.9420557022094727
1.9249613285064697
1.829331636428833
1.913466453552246
1.8567204475402832
2.008547306060791
1.9066431522369385
2.0048468112945557
1.9143922328948975
1.833677053451538
1.9554822444915771
1.8129987716674805
1.982841968536377
1.9167001247406006
1.855529546737671
1.9234304428100586
1.9272005558013916
1.937009572982788
1.9421029090881348
1.9201481342315674
1.8973169326782227
1.852952480316162
1.8891496658325195
1.9076697826385498
1.9480481147766113
1.8883564472198486
1.9935975074768066
1.8205878734588623
1.939119815826416
1.9343287944793701
1.9745798110961914
1.8308627605438232
1.9600515365600586
1.9297668933868408
1.9359464645385742
1.9307746887207031
1.952327013015747
1.8868365287780762
1.924283504486084
1.8663380146026611
1.9509117603302002
1.9262151718139648
2.0119824409484863
1.9017937183380127
1.842909336090088
1.9697587490081787
1.9310805797576904
1.9282557964324951
1.8573894500732422
1.953174352645874
1.9101431369781494
1.8357291221618652
2.0061821937561035
1.9387941360473633
1.9045119285583496
1.7961413860321045
1.9483513832092285
1.8448057174682617
1.9261925220489502
1.8830599784851074
1.8907887935638428
1.9331986904144287
1.9523775577545166
1.9130370616912842
1.825239658355713
1.9576852321624756
1.8785076141357422
1.9154126644134521
1.8961739540100098
1.9597413539886475
1.9089701175689697
1.9042832851409912
1.854332447052002
1.967883825302124
1.86067533493042
1.9052448272705078
1.957918405532837
1.9251227378845215
1.97044038772583
1.840388536453247
1.9349009990692139
1.9247043132781982
1.8297507762908936
1.916863203048706
1.943650245666504
1.9405696392059326
1.899095058441162
2.007579803466797
1.9205660820007324
1.8844549655914307
1.9052331447601318
1.8278512954711914
1.955249309539795
1.890932321548462
1.929081916809082
1.9028692245483398
1.9189536571502686
1.9425287246704102
1.8167376518249512
1.9361999034881592
1.9072799682617188
1.9128797054290771
1.9135313034057617
1.8690414428710938
1.9401724338531494
1.9283092021942139
1.9610927104949951
1.8843281269073486
1.933147668838501
1.8532299995422363
1.8780927658081055
1.9511027336120605
1.9071331024169922
1.8983922004699707
1.8981027603149414
1.9823133945465088
1.9008617401123047
1.8926548957824707
1.9249463081359863
1.8761358261108398
2.0181350708007812
1.8511242866516113
1.9410524368286133
1.92167329788208
1.9278569221496582
1.9179279804229736
1.8288421630859375
1.9273431301116943
1.8936407566070557
1.9150433540344238
1.9670181274414062
1.9045214653015137
1.9393529891967773
1.9251487255096436
1.9314327239990234
1.859400749206543
1.9338774681091309
1.8881421089172363
1.864145040512085
1.9833807945251465
1.909924030303955
1.8644664287567139
1.9392123222351074
1.9162428379058838
1.835542917251587
1.8312413692474365
2.0077786445617676
1.8042902946472168
2.042523145675659
1.9374141693115234
1.9267969131469727
1.8150978088378906
2.004199266433716
1.857025146484375
1.9378297328948975
1.9295120239257812
1.9449553489685059
1.8908779621124268
1.965334177017212
1.9498882293701172
1.917039394378662
1.8198113441467285
1.8051955699920654
1.9631145000457764
1.9049668312072754
1.9012465476989746
1.9644966125488281
1.7977864742279053
1.8704676628112793
1.9482712745666504
1.9200770854949951
1.8667583465576172
1.9312012195587158
1.952488660812378
1.9080331325531006
1.9558169841766357
1.9208784103393555
1.9178078174591064
1.8284664154052734
1.9147820472717285
1.7853448390960693
1.9920389652252197
1.8109636306762695
1.9354641437530518
1.8238089084625244
2.0051586627960205
1.9229152202606201
1.9149129390716553
1.9192769527435303
1.8213725090026855
1.836895227432251
1.9289374351501465
1.940885066986084
1.8377315998077393
2.0037519931793213
1.869438648223877
1.9516196250915527
1.9157435894012451
1.7736618518829346
2.03204607963562
1.9390013217926025
1.801647424697876
1.9337108135223389
1.901244878768921
1.9336388111114502
1.9221339225769043
1.952120065689087
1.966933250427246
1.874701976776123
1.9253113269805908
1.9194915294647217
1.8963987827301025
1.9869887828826904
1.8146419525146484
1.9006078243255615
1.8979315757751465
1.7884299755096436
1.8971068859100342
1.8627288341522217
1.9066908359527588
1.9470679759979248
1.9069604873657227
1.9514577388763428
1.7928719520568848
1.9350841045379639
1.828479290008545
2.012125015258789
1.9146523475646973
1.9265236854553223
1.9202604293823242
1.9161725044250488
1.8893399238586426
1.9429361820220947
1.8994543552398682
1.8437602519989014
1.9949731826782227
1.8914642333984375
2.0232295989990234
1.909433126449585
1.8614497184753418
1.8769378662109375
1.9192564487457275
1.9627032279968262
1.9097630977630615
1.9420623779296875
1.844480276107788
1.9250829219818115
1.9442412853240967
1.9184916019439697
1.8819828033447266
1.856398582458496
1.9148552417755127
1.96470046043396
1.919572114944458
1.9255518913269043
1.8486812114715576
1.9354560375213623
1.9280540943145752
1.9110848903656006
1.9217195510864258
1.9210257530212402
1.9325289726257324
1.860044240951538
2.01861572265625
1.9215326309204102
1.96270751953125
1.8533425331115723
1.9282841682434082
1.9175024032592773
1.9438164234161377
1.8063297271728516
1.9556820392608643
1.9694502353668213
1.8642802238464355
1.9959297180175781
1.8334310054779053
1.9805283546447754
1.8988442420959473
1.9328691959381104
1.891709804534912
1.8887078762054443
1.9358108043670654
1.9004781246185303
2.0144293308258057
1.7928130626678467
1.8835229873657227
1.9373559951782227
1.9404528141021729
1.8169474601745605
1.9470019340515137
1.8106694221496582
1.86777663230896
1.922400712966919
1.8178822994232178
1.8645567893981934
1.9751489162445068
1.9078233242034912
1.893195629119873
1.9200453758239746
1.903799295425415
1.9165589809417725
1.9421610832214355
1.8750686645507812
1.9454236030578613
1.9047865867614746
1.9368951320648193
1.80965256690979
1.928748607635498
1.9221537113189697
1.8993782997131348
1.8202786445617676
1.9222559928894043
1.9431061744689941
1.8051986694335938
1.9374988079071045
1.852792501449585
1.9036667346954346
1.8685805797576904
1.9552338123321533
1.9178581237792969
1.9473066329956055
1.850428581237793
1.8357696533203125
1.956749677658081
1.6691279411315918
1.957892894744873
1.9304955005645752
1.926241159439087
1.917268991470337
1.9207181930541992
1.9312107563018799
1.8658447265625
1.951261043548584
2.0061700344085693
1.8440806865692139
1.9800503253936768
1.816629409790039
1.9583921432495117
1.8070523738861084
1.9452979564666748
1.9064760208129883
1.9171037673950195
1.9212796688079834
1.9296958446502686
1.8323440551757812
1.9153833389282227
1.8935902118682861
1.9785447120666504
1.9356467723846436
1.9362874031066895
1.9443273544311523
1.852928638458252
1.8659286499023438
2.042477607727051
1.8971173763275146
1.9450042247772217
1.9275548458099365
1.9193859100341797
1.9797484874725342
1.8375585079193115
1.9439425468444824
1.845397710800171
1.9826722145080566
1.851435899734497
1.9620869159698486
1.9244790077209473
1.9107239246368408
1.8908252716064453
1.9317731857299805
1.9000301361083984
1.954465389251709
1.926659107208252
1.9463388919830322
1.9075157642364502
1.8235082626342773
1.8534204959869385
2.039177656173706
1.9114301204681396
1.9567193984985352
1.9633104801177979
1.8521652221679688
1.9067747592926025
2.0051045417785645
1.9132459163665771
1.8740971088409424
1.9401929378509521
1.8654847145080566
1.9365956783294678
1.9315974712371826
1.8389112949371338
1.9253766536712646
1.9444434642791748
1.8777472972869873
1.9323129653930664
1.9220983982086182
1.8866932392120361
1.8611760139465332
1.9513945579528809
1.9667258262634277
1.8874599933624268
1.8822550773620605
1.9392969608306885
1.9358224868774414
1.8636689186096191
1.984959363937378
1.9054789543151855
1.8940749168395996
2.021937370300293
1.8807933330535889
1.9084625244140625
1.9685955047607422
1.9415075778961182
1.9302115440368652
1.9312505722045898
1.9216864109039307
1.8135359287261963
1.960580587387085
1.9030816555023193
1.9959611892700195
1.8930091857910156
