2.0546462535858154
1.8408732414245605
1.8881323337554932
1.8694965839385986
1.9493494033813477
1.8160817623138428
1.9485721588134766
1.7957682609558105
1.825873851776123
1.8562021255493164
1.9540576934814453
1.8538129329681396
1.8540191650390625
1.9005520343780518
1.8873212337493896
1.8624603748321533
1.9953231811523438
1.8415610790252686
1.8328773975372314
1.8802313804626465
1.8175938129425049
1.8693103790283203
1.9853770732879639
1.8156647682189941
1.8174488544464111
1.8627948760986328
1.9931106567382812
1.840196132659912
1.9319450855255127
1.8038976192474365
1.9028923511505127
1.8104162216186523
1.880744457244873
1.8071281909942627
1.856933355331421
1.8719635009765625
1.8566529750823975
1.828728437423706
1.8464844226837158
1.849416732788086
1.9595293998718262
1.8522367477416992
1.7941839694976807
1.9440343379974365
1.821913480758667
1.8662261962890625
1.9308960437774658
1.8417725563049316
1.9016060829162598
1.8636581897735596
1.806298017501831
1.805206537246704
1.8656930923461914
1.8163626194000244
1.8257770538330078
1.9011363983154297
1.9239552021026611
1.8483033180236816
1.9384329319000244
1.8322553634643555
1.8294451236724854
1.9124553203582764
1.8930706977844238
1.8492767810821533
1.8805031776428223
1.8406147956848145
1.8628745079040527
1.8495104312896729
1.8401055335998535
1.9568240642547607
1.8712048530578613
1.8695883750915527
1.819120168685913
1.9011116027832031
1.925407886505127
1.7709698677062988
1.944434404373169
1.8057801723480225
1.8212411403656006
1.8407585620880127
1.9207990169525146
1.8516499996185303
1.8433480262756348
1.9412493705749512
1.9132118225097656
1.9153063297271729
1.8737304210662842
1.871851921081543
1.8711824417114258
1.8606469631195068
1.9261927604675293
1.8186261653900146
1.903336763381958
1.874013900756836
1.9050238132476807
1.8946948051452637
1.9575755596160889
1.8778603076934814
1.8476030826568604
1.8495678901672363
1.8188385963439941
1.8248002529144287
1.8870844841003418
1.920616865158081
1.8249485492706299
1.8408129215240479
1.8070244789123535
1.8582000732421875
1.929788589477539
1.8240175247192383
1.9351518154144287
1.9393694400787354
1.916574239730835
1.7745368480682373
1.9343559741973877
1.7999904155731201
1.967635154724121
1.8155388832092285
1.9597222805023193
1.826195478439331
1.843696117401123
1.8484668731689453
1.847459316253662
1.828918695449829
1.9567089080810547
1.7867915630340576
1.8511221408843994
1.9489920139312744
1.8298835754394531
1.8108861446380615
1.9129419326782227
2.0088348388671875
1.8399910926818848
1.9652135372161865
1.7782442569732666
1.8314073085784912
1.8714239597320557
1.8391649723052979
1.8585593700408936
1.81060791015625
1.8483188152313232
1.8192670345306396
1.8174219131469727
1.9552319049835205
1.874830961227417
1.8309001922607422
1.8481881618499756
1.8598017692565918
1.8313140869140625
1.8114709854125977
1.9018118381500244
1.9002232551574707
1.9267346858978271
1.981802225112915
1.8467795848846436
1.941230058670044
1.9447083473205566
1.8238892555236816
1.8135595321655273
1.7725119590759277
1.7060725688934326
1.9026997089385986
1.8117618560791016
1.898008108139038
1.8942835330963135
1.9683575630187988
1.8082597255706787
1.9254038333892822
1.9647107124328613
1.8441932201385498
1.843306064605713
1.9608287811279297
1.8747727870941162
1.8904531002044678
1.8596861362457275
1.9043512344360352
1.8402347564697266
1.9109609127044678
1.8741238117218018
1.943786382675171
1.9971790313720703
1.9540226459503174
1.8124661445617676
1.8923914432525635
1.9282000064849854
1.7889025211334229
1.8019096851348877
1.925806999206543
1.8141870498657227
1.9647202491760254
1.8462026119232178
1.9055376052856445
1.931654691696167
1.8385517597198486
1.9207966327667236
1.8519656658172607
1.8333697319030762
1.9816887378692627
1.9218287467956543
1.8371953964233398
2.032158613204956
1.8613803386688232
1.9712982177734375
1.8488361835479736
1.8442437648773193
1.9520533084869385
1.7956724166870117
1.8120143413543701
1.930100917816162
1.8469200134277344
1.90364670753479
1.9015369415283203
1.898681879043579
1.8457300662994385
1.9294464588165283
1.8461699485778809
1.7919847965240479
1.9111430644989014
1.9173173904418945
1.9321129322052002
1.8789052963256836
1.8211827278137207
1.8709027767181396
1.8195819854736328
1.8934504985809326
1.8549237251281738
1.9035487174987793
1.9014685153961182
1.8333499431610107
1.9653246402740479
1.8501083850860596
1.851318359375
1.874476671218872
1.8376126289367676
1.9419934749603271
1.8511440753936768
1.899857759475708
1.9535722732543945
1.8378665447235107
1.9221408367156982
1.8623952865600586
1.8387305736541748
1.928354024887085
1.9481675624847412
1.8417870998382568
1.914747714996338
1.839644193649292
1.9302558898925781
1.842285394668579
1.8590054512023926
1.8471829891204834
1.9237794876098633
1.9100368022918701
1.8633191585540771
1.8240492343902588
1.7987048625946045
1.8292279243469238
1.807711124420166
1.825789451599121
1.8471794128417969
1.8659484386444092
1.8942670822143555
1.8146085739135742
1.845088005065918
1.9107708930969238
1.9267868995666504
1.8646576404571533
1.8411750793457031
1.9552984237670898
1.843168020248413
1.8563706874847412
1.9271519184112549
1.8312313556671143
1.9007010459899902
1.8074102401733398
1.9823174476623535
1.8560714721679688
1.9177534580230713
1.8737819194793701
1.883897066116333
1.9356913566589355
1.9055187702178955
1.880976915359497
1.8402125835418701
1.9212143421173096
1.8912343978881836
1.9202208518981934
1.8834717273712158
1.898364543914795
1.9001379013061523
1.8377206325531006
1.849900722503662
1.918656826019287
1.862471103668213
1.8784449100494385
1.9516432285308838
1.857947826385498
1.8344998359680176
1.8284168243408203
1.9812045097351074
1.921903133392334
1.8448922634124756
1.924915075302124
1.8342523574829102
1.8974833488464355
1.8321113586425781
1.9223313331604004
1.8455467224121094
1.858724594116211
1.944850206375122
1.8209114074707031
1.926577091217041
1.8906540870666504
1.812577247619629
1.9262869358062744
1.8972394466400146
1.9222562313079834
1.8451745510101318
1.9364819526672363
1.9217112064361572
1.868647575378418
1.9210412502288818
1.8175268173217773
1.9241392612457275
1.840477466583252
1.9141860008239746
1.8528125286102295
1.982701063156128
1.8678617477416992
1.8688688278198242
1.9078311920166016
1.8095691204071045
1.8119144439697266
1.8602650165557861
1.944272518157959
1.8124868869781494
1.916438102722168
1.8985774517059326
1.8663716316223145
1.9728364944458008
1.850480318069458
1.9544410705566406
1.8011794090270996
1.9382195472717285
1.8448619842529297
1.8470287322998047
1.829822063446045
1.8856546878814697
1.9392390251159668
1.8580682277679443
1.9181363582611084
1.8582134246826172
1.9191977977752686
1.7946221828460693
1.8166980743408203
1.9540784358978271
1.8998570442199707
1.8361852169036865
1.9827299118041992
1.8515472412109375
1.8601722717285156
1.9122509956359863
1.9581782817840576
1.820359468460083
1.8257172107696533
1.946357250213623
1.8246650695800781
2.003178358078003
1.8360943794250488
1.8448901176452637
1.8164770603179932
1.991255283355713
1.8299932479858398
1.9379115104675293
1.9248807430267334
1.8684558868408203
1.828578233718872
1.908954381942749
1.8238041400909424
1.9138166904449463
1.864957332611084
1.7955830097198486
1.9663634300231934
1.9200255870819092
1.8429875373840332
1.9358699321746826
1.8044626712799072
1.8948071002960205
1.9595916271209717
1.8927950859069824
1.910369634628296
1.9625883102416992
1.8430922031402588
1.8243038654327393
1.9233803749084473
1.9137604236602783
1.941089391708374
1.8120677471160889
1.981459617614746
1.7923076152801514
2.0035834312438965
1.7978408336639404
1.8387761116027832
1.8223505020141602
1.937851905822754
1.919804573059082
1.827627420425415
1.9843358993530273
1.8442611694335938
1.9059040546417236
1.9904758930206299
1.84401273727417
1.8407742977142334
1.9970831871032715
1.8184773921966553
1.9891693592071533
1.9338815212249756
1.7519307136535645
2.00707745552063
1.8164079189300537
1.8345656394958496
1.9260027408599854
1.9083318710327148
1.908785104751587
1.8114588260650635
1.847665548324585
1.822497844696045
1.9063916206359863
1.9317255020141602
1.8286991119384766
1.9166827201843262
1.92118239402771
1.8180372714996338
1.9020185470581055
1.8844223022460938
1.787644386291504
1.893476963043213
1.82501220703125
1.9033982753753662
1.94545316696167
1.9220247268676758
1.942248821258545
1.7987034320831299
1.9301927089691162
1.875483751296997
1.9368388652801514
1.9099173545837402
1.8433749675750732
1.9362554550170898
1.839383840560913
1.8786060810089111
1.924760103225708
1.8992786407470703
1.8387196063995361
1.8841564655303955
1.8595120906829834
1.911463975906372
1.8480381965637207
1.8502252101898193
1.8422114849090576
1.9871578216552734
1.9121589660644531
1.9475722312927246
1.8594305515289307
1.848128318786621
1.9360499382019043
1.8426682949066162
1.8019328117370605
1.8957056999206543
1.8692152500152588
1.955747127532959
1.8332774639129639
1.8237431049346924
1.9277048110961914
1.8445708751678467
1.9386720657348633
1.828505277633667
1.972594976425171
1.8986101150512695
1.8073318004608154
1.9400334358215332
1.844486951828003
1.930612325668335
1.8879878520965576
1.9589800834655762
1.9020922183990479
1.9338147640228271
1.839299201965332
1.9685518741607666
1.808847188949585
1.9352014064788818
1.8122022151947021
1.809509515762329
1.972628116607666
1.79048490524292
1.9629664421081543
1.8032314777374268
1.9685628414154053
1.8577511310577393
1.9013903141021729
1.913607120513916
1.8970141410827637
1.8253321647644043
1.7919816970825195
1.9696524143218994
1.9925823211669922
1.8986339569091797
1.7850921154022217
1.8692176342010498
1.8177392482757568
1.8991763591766357
1.9410145282745361
1.841947078704834
1.8643739223480225
1.9530584812164307
1.8369929790496826
1.9130339622497559
1.8557472229003906
1.9344899654388428
1.925250768661499
1.9565808773040771
1.8921942710876465
1.8898403644561768
1.8067500591278076
1.9240028858184814
1.7799923419952393
1.821274995803833
1.8436005115509033
1.8908729553222656
1.8107240200042725
1.9090626239776611
1.9509353637695312
1.8336575031280518
1.9652066230773926
1.8943755626678467
1.9053850173950195
1.9122307300567627
1.958864688873291
1.9713199138641357
1.9314191341400146
1.8865981101989746
1.8711628913879395
1.9131357669830322
1.6672024726867676
1.9382460117340088
1.9445347785949707
1.9149556159973145
1.9571385383605957
1.882840633392334
1.8455605506896973
1.8932368755340576
1.8671293258666992
1.8540234565734863
1.8446719646453857
1.8308391571044922
1.838073968887329
1.918473720550537
1.88226318359375
1.9989242553710938
1.9026596546173096
1.9361815452575684
1.8330748081207275
1.8667030334472656
1.870544195175171
1.9590494632720947
1.893857717514038
1.9772355556488037
1.804910659790039
1.9478354454040527
1.9428606033325195
1.880396842956543
1.8215954303741455
1.9063210487365723
1.828951120376587
1.9212133884429932
1.9067692756652832
1.8616580963134766
1.859276294708252
1.8264260292053223
1.9187140464782715
1.8449792861938477
1.9097347259521484
1.8384263515472412
1.9911227226257324
1.8115289211273193
1.8823869228363037
1.9047377109527588
1.9353978633880615
1.8443129062652588
1.9535036087036133
1.8958168029785156
1.8093295097351074
1.8911874294281006
1.8896214962005615
1.877431869506836
1.9606285095214844
1.8510699272155762
1.9224042892456055
1.849653959274292
1.86409330368042
1.91597580909729
1.9476284980773926
1.8099901676177979
1.8601782321929932
1.9730627536773682
1.8932418823242188
1.9395406246185303
1.9341163635253906
1.888209581375122
1.948070764541626
1.8043763637542725
1.837524652481079
1.8990428447723389
1.9589626789093018
1.9105372428894043
1.8885271549224854
1.8306350708007812
1.9133341312408447
1.8939809799194336
1.9443578720092773
1.9390172958374023
1.8445417881011963
1.8384387493133545
1.924781322479248
1.9423284530639648
1.8288938999176025
2.057128667831421
1.9249975681304932
1.8370749950408936
1.958442211151123
1.95572829246521
1.8701512813568115
1.8436901569366455
1.9154458045959473
1.7800123691558838
1.9529979228973389
1.8252501487731934
1.9756641387939453
1.8082022666931152
