2.042323112487793
1.8850886821746826
1.947392463684082
1.8488554954528809
1.9394395351409912
1.8196673393249512
1.8276481628417969
1.8005390167236328
1.8499345779418945
1.8462316989898682
1.8280456066131592
1.8348922729492188
1.9121136665344238
1.8570160865783691
1.9234142303466797
1.8828282356262207
1.958653450012207
1.9341347217559814
1.877962350845337
1.8354687690734863
1.8795349597930908
1.8414051532745361
1.907987117767334
1.8110854625701904
1.8270761966705322
1.8618803024291992
1.9946305751800537
1.8344898223876953
1.9000799655914307
1.8208601474761963
1.9022464752197266
1.820847988128662
1.8659443855285645
1.840602159500122
1.9016413688659668
1.824378252029419
1.863365888595581
1.8936219215393066
1.846355676651001
1.863598346710205
1.8343262672424316
1.8174693584442139
1.8558502197265625
1.9593427181243896
1.8633008003234863
1.8586797714233398
1.8188049793243408
1.8510746955871582
1.9091854095458984
1.8840405941009521
1.8154699802398682
1.8075382709503174
1.8071398735046387
1.855546236038208
1.841634750366211
1.9094915390014648
1.943833351135254
1.854161024093628
1.892502784729004
1.818373680114746
1.8217461109161377
1.9565997123718262
1.789123773574829
1.8427152633666992
1.8950693607330322
1.8488495349884033
1.8421392440795898
1.9098131656646729
1.875145435333252
1.9260220527648926
1.8544666767120361
1.878619909286499
1.83390474319458
1.918949842453003
1.8154335021972656
1.7630727291107178
1.9677553176879883
1.7995007038116455
1.8181509971618652
1.8333003520965576
1.9572863578796387
1.8358981609344482
1.8948769569396973
1.8068113327026367
1.8068912029266357
1.9006643295288086
1.8416798114776611
1.8543415069580078
1.850186824798584
1.9000446796417236
1.961174488067627
1.8141160011291504
1.9194378852844238
1.8620631694793701
1.9445970058441162
1.7079863548278809
1.9366707801818848
1.8625648021697998
1.8458459377288818
1.8500852584838867
1.8425884246826172
1.8626010417938232
1.9115245342254639
1.8401703834533691
1.8340394496917725
1.838641881942749
1.810570478439331
1.8594584465026855
1.9697229862213135
1.8260691165924072
1.953162670135498
1.8739893436431885
1.8101937770843506
1.7878186702728271
1.9874639511108398
1.893578290939331
1.8229877948760986
1.795487880706787
2.003126621246338
1.852499008178711
1.8718070983886719
1.843132734298706
1.8637418746948242
1.853304386138916
1.9650263786315918
1.882636547088623
1.7912144660949707
1.923891544342041
1.730823040008545
1.8311703205108643
1.8554739952087402
1.8130865097045898
1.8586175441741943
1.8985044956207275
1.8939156532287598
1.8263883590698242
1.893632411956787
1.8308959007263184
1.8695406913757324
1.8136394023895264
1.8913044929504395
1.841306447982788
1.8285579681396484
1.8221311569213867
1.8534374237060547
1.8191649913787842
1.8444249629974365
1.8425445556640625
1.7856237888336182
1.8136427402496338
1.7453994750976562
1.8414344787597656
1.8712685108184814
1.829239845275879
1.833855152130127
1.8507516384124756
1.8256492614746094
1.7735645771026611
1.8120191097259521
1.821972131729126
1.7433862686157227
1.9255051612854004
1.8492882251739502
1.8453645706176758
1.8834409713745117
1.901843786239624
1.8642265796661377
1.8377714157104492
1.9671423435211182
1.912978172302246
1.9415831565856934
2.0243093967437744
1.9111709594726562
1.8436050415039062
1.8999779224395752
1.9284913539886475
1.8464326858520508
1.8452839851379395
1.902358055114746
1.884878158569336
1.9309442043304443
2.0232994556427
1.8405776023864746
1.8528800010681152
1.9782795906066895
1.8175933361053467
1.8215696811676025
1.869612216949463
1.8550193309783936
1.9479238986968994
1.8814613819122314
1.929530382156372
1.8201048374176025
1.9262802600860596
1.9283664226531982
1.828188180923462
1.8855617046356201
1.901047945022583
1.8994793891906738
1.845823049545288
1.9153738021850586
1.8173558712005615
2.0106582641601562
1.8552279472351074
1.8404839038848877
2.0014679431915283
1.8295555114746094
1.8117070198059082
1.919790506362915
1.8453903198242188
1.9358842372894287
1.952862024307251
1.806542158126831
1.8378934860229492
1.9517438411712646
1.8521506786346436
1.8342304229736328
1.8270683288574219
1.912151575088501
1.932060718536377
1.8450634479522705
1.8134303092956543
1.819122552871704
1.7953732013702393
1.9131653308868408
1.8399574756622314
1.897704839706421
1.7985143661499023
1.8404672145843506
1.953261137008667
1.7803800106048584
1.923797607421875
1.8842511177062988
1.858931303024292
1.9076011180877686
1.874720811843872
1.9314212799072266
1.9679903984069824
1.855471134185791
1.8002979755401611
1.8409979343414307
1.854658603668213
1.9622220993041992
1.9458131790161133
1.8189120292663574
1.9107024669647217
1.8330366611480713
1.9496972560882568
1.844902515411377
1.8209178447723389
1.8863379955291748
1.923518180847168
1.8267402648925781
1.8614890575408936
1.869478702545166
1.853377342224121
1.773848056793213
1.8029985427856445
1.8469114303588867
1.847383975982666
1.8804543018341064
1.9265172481536865
1.8479974269866943
1.856748342514038
1.9269485473632812
1.9256744384765625
1.8369183540344238
1.8163204193115234
1.9183154106140137
1.8054728507995605
1.898878812789917
1.9285244941711426
1.8237154483795166
1.8932621479034424
1.8212921619415283
1.911074161529541
1.8852450847625732
1.830784797668457
1.8408963680267334
1.9032657146453857
1.9032797813415527
1.9275963306427002
1.8982012271881104
1.8895244598388672
1.9552154541015625
1.8474092483520508
1.8835744857788086
1.9367883205413818
1.8292319774627686
1.9655981063842773
1.8095901012420654
1.8794176578521729
1.9059984683990479
1.845360279083252
1.844123125076294
1.9244012832641602
1.8357172012329102
1.8133091926574707
1.8532254695892334
1.8610951900482178
1.8117706775665283
1.8559484481811523
1.9090938568115234
1.8459618091583252
1.8954708576202393
1.8756279945373535
1.9528708457946777
1.8235821723937988
1.8573546409606934
1.8905186653137207
1.8256592750549316
1.9743287563323975
1.906710147857666
1.850858449935913
1.8851873874664307
1.8198463916778564
1.837676763534546
1.8095173835754395
1.9395549297332764
1.8290867805480957
1.8477375507354736
1.884486198425293
1.8281340599060059
1.9045958518981934
1.8511714935302734
1.9561681747436523
1.886106252670288
1.9198722839355469
1.8280282020568848
1.8543708324432373
1.8681495189666748
1.8641839027404785
1.8281116485595703
1.8236961364746094
1.9423036575317383
1.819889783859253
1.8156135082244873
1.902599573135376
1.8665878772735596
1.8660507202148438
1.8272387981414795
1.9204380512237549
1.840989589691162
1.9330534934997559
1.8064663410186768
1.8631939888000488
1.8741555213928223
1.8500316143035889
1.8318212032318115
1.840808629989624
1.800790786743164
1.839020013809204
1.9180335998535156
1.8702585697174072
1.8839969635009766
1.9478414058685303
1.895714521408081
1.8291895389556885
1.9316370487213135
1.8511173725128174
1.872823715209961
1.9420170783996582
1.940739631652832
1.8149893283843994
1.8738834857940674
1.9135081768035889
1.8868107795715332
1.9830234050750732
1.8332006931304932
1.811145305633545
1.8404760360717773
1.8640315532684326
1.7952401638031006
1.9320013523101807
1.8885371685028076
1.8579816818237305
1.8385043144226074
1.9186139106750488
1.8184912204742432
1.9297327995300293
1.7896530628204346
1.9374148845672607
1.9425842761993408
1.9163503646850586
1.8205468654632568
1.831249713897705
1.847593069076538
1.8471484184265137
1.8686630725860596
1.9053962230682373
1.8505427837371826
1.9884018898010254
1.8627865314483643
1.8072552680969238
2.0046000480651855
1.8142328262329102
1.8057150840759277
1.7948713302612305
1.9374961853027344
1.7857105731964111
1.9962663650512695
1.842768669128418
1.8316764831542969
1.8292558193206787
1.9658575057983398
1.9498136043548584
1.8549537658691406
1.826183557510376
1.8220384120941162
1.8707702159881592
1.9085683822631836
1.8491320610046387
1.8608851432800293
1.9509456157684326
1.8056297302246094
1.9448816776275635
1.8819613456726074
1.70845365524292
2.010521411895752
1.8231287002563477
1.8025212287902832
1.8943374156951904
1.9389195442199707
1.9599509239196777
1.814476728439331
1.863509178161621
1.8353259563446045
1.8486170768737793
1.8968052864074707
1.8325071334838867
1.9603967666625977
1.9141597747802734
1.8143348693847656
1.9386227130889893
1.9237771034240723
1.800534725189209
1.9307293891906738
1.8584775924682617
1.9202406406402588
1.9055049419403076
1.8103713989257812
1.8261654376983643
1.8138561248779297
1.929978370666504
1.8531169891357422
1.9286601543426514
1.8012709617614746
1.833630084991455
1.9231173992156982
1.8418734073638916
1.8979318141937256
1.910609483718872
1.9048261642456055
1.8436930179595947
1.9113318920135498
1.8825929164886475
1.9019927978515625
1.7782247066497803
1.8526721000671387
1.8242194652557373
1.9496994018554688
1.9039192199707031
1.9373109340667725
1.8199281692504883
1.8976049423217773
1.9245517253875732
1.8291223049163818
1.8047804832458496
1.9106190204620361
1.8251643180847168
2.007842540740967
1.8351473808288574
1.8356919288635254
1.9448003768920898
1.8948493003845215
1.9329092502593994
1.90163254737854
1.9162678718566895
1.899923324584961
1.8027572631835938
1.9655869007110596
1.8540010452270508
1.93680739402771
1.8301570415496826
1.9619996547698975
1.8330395221710205
1.7960474491119385
1.815821886062622
2.007758855819702
1.8279528617858887
1.9158592224121094
1.8503985404968262
1.8860440254211426
1.9209816455841064
1.7928073406219482
2.029925584793091
1.8151845932006836
1.924607276916504
1.8881275653839111
1.9393343925476074
1.809088945388794
1.9394254684448242
1.8598730564117432
1.820249319076538
1.9294967651367188
1.9316787719726562
1.869163990020752
1.9131882190704346
1.8598918914794922
1.8528821468353271
1.8082902431488037
1.9472148418426514
1.8416566848754883
1.8572981357574463
1.9798340797424316
1.8394780158996582
1.9078991413116455
1.8433716297149658
1.9660670757293701
1.9472925662994385
1.9103336334228516
1.8936128616333008
1.8685626983642578
1.8388903141021729
1.966841220855713
1.875504970550537
1.8635005950927734
1.8104171752929688
1.9405925273895264
1.9036471843719482
1.8132944107055664
1.925900936126709
1.8662025928497314
1.9312164783477783
1.8360786437988281
1.8848083019256592
1.9630980491638184
1.9272687435150146
1.927398920059204
1.945788860321045
1.9227523803710938
1.8753540515899658
1.8786828517913818
1.669102430343628
1.903357982635498
1.9344613552093506
1.895461082458496
1.8059296607971191
1.8726637363433838
1.8457887172698975
1.8234641551971436
1.850053310394287
1.8739345073699951
1.8751323223114014
1.8335719108581543
1.8540024757385254
1.9295728206634521
1.821932077407837
2.0015313625335693
1.9465928077697754
1.9533061981201172
1.8360962867736816
1.880037546157837
1.8657395839691162
1.9711971282958984
1.9470007419586182
1.9530653953552246
1.8532981872558594
1.921694278717041
1.9286890029907227
1.8472011089324951
1.8801288604736328
1.9003798961639404
1.8081612586975098
1.9707937240600586
1.7946631908416748
1.828352689743042
1.8237247467041016
1.8982975482940674
1.9977564811706543
1.8325555324554443
1.9517748355865479
1.8527426719665527
1.9736862182617188
1.817939043045044
1.8804974555969238
1.7960853576660156
1.8058536052703857
1.8399152755737305
1.9588558673858643
1.910973072052002
1.83805513381958
1.8432250022888184
1.85060453414917
1.8739800453186035
1.9605839252471924
1.8051903247833252
1.959329605102539
1.8239047527313232
1.8859498500823975
1.9518709182739258
1.936781644821167
1.793304681777954
1.8504998683929443
1.923701286315918
1.8834123611450195
1.9727129936218262
1.9829702377319336
1.8572068214416504
1.9666097164154053
1.811842918395996
1.8237600326538086
1.9324467182159424
1.9162375926971436
1.9590003490447998
1.8948373794555664
1.8222007751464844
1.8958449363708496
1.949153184890747
1.8500235080718994
1.828887939453125
1.8416974544525146
1.8601090908050537
1.929253101348877
1.9648501873016357
1.8463256359100342
1.9175076484680176
1.8431768417358398
1.8355958461761475
1.9248464107513428
1.8168580532073975
1.829723834991455
1.8580992221832275
1.8968384265899658
1.7754909992218018
1.966275691986084
1.8225011825561523
1.8820924758911133
1.804530382156372
