2.082364320755005
1.8295695781707764
1.907118558883667
1.8514907360076904
1.928544521331787
1.9057440757751465
1.7979848384857178
1.8183374404907227
1.8179678916931152
1.8220632076263428
1.851616382598877
1.8162562847137451
1.8640012741088867
1.8994574546813965
1.891775131225586
1.884042501449585
1.9200823307037354
1.8471429347991943
1.7984659671783447
1.8150835037231445
1.8410558700561523
1.8994324207305908
1.905801773071289
1.8157145977020264
1.8433220386505127
1.8617584705352783
1.9402353763580322
1.830094814300537
1.9397945404052734
1.8346757888793945
1.8397812843322754
1.8638319969177246
1.8456017971038818
1.8486926555633545
1.8492863178253174
1.8923463821411133
1.8635761737823486
1.8913445472717285
1.8119361400604248
1.8256332874298096
1.855933666229248
1.8765413761138916
1.8060853481292725
1.8258693218231201
1.8668484687805176
1.9136607646942139
1.8494830131530762
1.8278467655181885
1.8669452667236328
1.8331148624420166
1.8317344188690186
1.8631548881530762
1.808401346206665
1.8093605041503906
1.8716344833374023
1.8657231330871582
1.817011833190918
1.8366503715515137
1.9126691818237305
1.834310531616211
1.8613414764404297
1.985673427581787
1.8200371265411377
1.8451898097991943
1.9424898624420166
1.824894905090332
1.8524625301361084
1.8712458610534668
1.8603360652923584
1.9565110206604004
1.8176536560058594
1.8339734077453613
1.8102984428405762
1.975379467010498
1.8313708305358887
1.788701057434082
1.9239075183868408
1.8140499591827393
1.8306198120117188
1.8700721263885498
1.7981946468353271
1.8801403045654297
1.875044345855713
1.806309461593628
1.8008062839508057
1.8629465103149414
1.875478744506836
1.9033770561218262
1.8151512145996094
1.8440687656402588
1.956733226776123
1.8611855506896973
1.9279720783233643
1.8542091846466064
1.805866003036499
1.7164180278778076
1.8456032276153564
1.9422523975372314
1.8701961040496826
1.8189144134521484
1.8318910598754883
1.827409029006958
1.8396522998809814
1.8065159320831299
1.8524603843688965
1.8743946552276611
1.823127031326294
1.8231933116912842
1.914618730545044
1.868976354598999
1.9171874523162842
1.8627450466156006
1.8123962879180908
1.7537436485290527
1.9222886562347412
1.8524179458618164
1.7956435680389404
1.8298742771148682
1.9566764831542969
1.8657186031341553
1.8334336280822754
1.7973859310150146
1.8575785160064697
1.8356297016143799
1.951716423034668
1.8353149890899658
1.8053946495056152
1.9710187911987305
1.7670841217041016
1.883183240890503
1.7931151390075684
1.8079943656921387
1.8574576377868652
1.898376703262329
1.7695810794830322
1.8526813983917236
1.837890386581421
1.8289029598236084
1.8329100608825684
1.8409831523895264
1.8384664058685303
1.8312740325927734
1.8616645336151123
1.8143219947814941
1.8299036026000977
1.83906888961792
1.931732177734375
1.8676724433898926
1.8003284931182861
1.8795294761657715
1.7264833450317383
1.7982022762298584
1.8465020656585693
1.8536667823791504
1.835184097290039
1.8501229286193848
1.8290531635284424
1.7675459384918213
1.86271333694458
1.739847183227539
1.7525215148925781
1.9497618675231934
1.8261303901672363
1.8272099494934082
1.8558776378631592
1.8692901134490967
1.8073785305023193
1.8061583042144775
1.9735400676727295
1.9091618061065674
1.8470358848571777
1.9348113536834717
1.8415708541870117
1.889822244644165
1.8474960327148438
1.940532922744751
1.7981243133544922
1.8365952968597412
1.8521435260772705
1.8626646995544434
1.9183430671691895
1.8395254611968994
1.85762357711792
1.8191766738891602
1.9300572872161865
1.9042692184448242
1.8402409553527832
1.9255316257476807
1.812830924987793
1.9310295581817627
1.7927072048187256
1.9593079090118408
1.8199739456176758
1.81235671043396
1.95247220993042
1.8056418895721436
1.8092167377471924
1.9342763423919678
1.8811943531036377
1.8874871730804443
1.8953120708465576
1.8582122325897217
1.9392797946929932
1.8559823036193848
1.8485584259033203
1.8788483142852783
1.8090169429779053
1.8544392585754395
1.953040361404419
1.8443982601165771
1.9050805568695068
1.931316614151001
1.8116676807403564
1.8398997783660889
1.9381585121154785
1.8457448482513428
1.8287906646728516
1.872469425201416
1.942995309829712
1.9191319942474365
1.8240277767181396
1.8264849185943604
1.8852531909942627
1.8689486980438232
1.913522481918335
1.8228626251220703
1.9372730255126953
1.8107054233551025
1.8307826519012451
1.9278111457824707
1.8290538787841797
1.8686482906341553
1.864802360534668
1.824122428894043
1.9411883354187012
1.847576379776001
1.9478938579559326
1.8464877605438232
1.809314250946045
1.8132295608520508
1.8236536979675293
1.8314545154571533
1.9165802001953125
1.9128811359405518
1.8371303081512451
1.94748854637146
1.848212718963623
1.9456002712249756
1.8449246883392334
1.829890489578247
1.8472144603729248
1.9169914722442627
1.8269035816192627
1.8628723621368408
1.8051388263702393
1.8667068481445312
1.7498631477355957
1.8603787422180176
1.8485851287841797
1.8370521068572998
1.8414983749389648
1.9119901657104492
1.8465023040771484
1.8637444972991943
1.9182908535003662
1.8967664241790771
1.8252403736114502
1.8782007694244385
1.9388401508331299
1.807952880859375
1.8676280975341797
1.9458591938018799
1.8432395458221436
1.9163687229156494
1.917170524597168
1.9376311302185059
1.8662993907928467
1.8233656883239746
1.8587539196014404
1.949927806854248
1.9195003509521484
1.9343273639678955
1.8959991931915283
1.8429296016693115
1.954289197921753
1.9386961460113525
1.9248912334442139
1.9179861545562744
1.8291616439819336
1.922379732131958
1.8332464694976807
1.8853235244750977
1.952669382095337
1.82307767868042
1.8771116733551025
1.918203353881836
1.7958476543426514
1.856959581375122
1.8354337215423584
1.836479902267456
1.8222451210021973
1.8372414112091064
1.9585108757019043
1.8263771533966064
1.8960676193237305
1.8661038875579834
1.9284453392028809
1.8169097900390625
1.8471360206604004
1.9136581420898438
1.8551084995269775
1.9514217376708984
1.954347848892212
1.8140358924865723
1.902005672454834
1.815016269683838
1.8307139873504639
1.8518640995025635
1.9111933708190918
1.8583495616912842
1.8968713283538818
1.9488656520843506
1.829019546508789
1.9392848014831543
1.8138833045959473
1.9371862411499023
1.8432221412658691
1.9245696067810059
1.8394749164581299
1.8891816139221191
1.8917856216430664
1.7908177375793457
1.8109567165374756
1.828136920928955
1.9485113620758057
1.852886438369751
1.8134543895721436
1.9140143394470215
1.9150419235229492
1.8898603916168213
1.8335773944854736
1.9053955078125
1.8392231464385986
1.861936092376709
1.8018076419830322
1.8284735679626465
1.8166813850402832
1.8579466342926025
1.8367419242858887
1.8582754135131836
1.7941474914550781
1.8233871459960938
1.9476962089538574
1.8168039321899414
1.825239896774292
1.9386906623840332
1.9187560081481934
1.8671722412109375
1.9449164867401123
1.8208584785461426
1.8586549758911133
1.9338717460632324
1.851200819015503
1.8588972091674805
1.8322513103485107
1.9224388599395752
1.8496031761169434
1.875389575958252
1.7944467067718506
1.8764522075653076
1.8662424087524414
1.8879168033599854
1.816427230834961
1.955479383468628
1.9285798072814941
1.8629236221313477
1.8019640445709229
1.9076976776123047
1.830782175064087
1.9537193775177002
1.861112117767334
1.8092620372772217
1.9122285842895508
1.909848928451538
1.8331267833709717
1.8265302181243896
1.7901360988616943
1.881624460220337
1.8865923881530762
1.9064464569091797
1.8456125259399414
1.924943447113037
1.8552751541137695
1.8195087909698486
1.93172287940979
1.7971980571746826
1.8104124069213867
1.842345952987671
2.0019450187683105
1.9088435173034668
1.9525880813598633
1.8548593521118164
1.8132123947143555
1.8530781269073486
1.912102460861206
1.8981595039367676
1.8267037868499756
1.8425719738006592
1.8487317562103271
1.8619983196258545
1.9121270179748535
1.8687992095947266
1.8843555450439453
1.9308531284332275
1.8595571517944336
1.922518014907837
1.794344186782837
1.7402524948120117
1.881629467010498
1.8294851779937744
1.8764715194702148
1.9316623210906982
1.90608549118042
1.814164400100708
1.8353846073150635
1.823378324508667
1.8279850482940674
1.85198974609375
1.9607224464416504
1.8274524211883545
1.9131689071655273
1.9069347381591797
1.8253235816955566
1.9204933643341064
1.9486267566680908
1.9352009296417236
1.9510447978973389
1.864802360534668
1.9707608222961426
1.927539348602295
1.8026316165924072
1.8268911838531494
1.8250632286071777
1.9227631092071533
1.8875250816345215
1.9295623302459717
1.835050106048584
1.8251683712005615
1.9289627075195312
1.8020386695861816
1.9012489318847656
1.934112787246704
1.9172112941741943
1.868992805480957
1.875669240951538
1.8318672180175781
1.9265382289886475
1.802248477935791
1.8160319328308105
1.832902431488037
1.8960473537445068
1.9669694900512695
1.968029499053955
1.854234218597412
1.8658380508422852
1.909438133239746
1.8160524368286133
1.7928967475891113
1.9171099662780762
1.8559441566467285
1.9257972240447998
1.9238669872283936
1.816964864730835
1.9512035846710205
1.8724126815795898
1.9070348739624023
1.8637266159057617
1.9327986240386963
1.9040296077728271
1.8175220489501953
1.9091193675994873
1.8615944385528564
1.9127538204193115
1.8264119625091553
1.9571177959442139
1.859830617904663
1.8087642192840576
1.8212835788726807
1.941002607345581
1.8726985454559326
1.9108469486236572
1.7959752082824707
1.8171515464782715
1.9074881076812744
1.8306145668029785
1.9877991676330566
1.8666977882385254
1.930905818939209
1.834561824798584
1.9124860763549805
1.8185627460479736
1.9367108345031738
1.8682284355163574
1.8409597873687744
1.932077407836914
1.9002001285552979
1.8228459358215332
1.8652358055114746
1.8584165573120117
1.8773043155670166
1.7973082065582275
1.9377758502960205
1.8561766147613525
1.8630650043487549
2.0243916511535645
1.8491039276123047
1.8937530517578125
1.8546116352081299
1.9533536434173584
1.910006046295166
1.908482313156128
1.9454443454742432
1.8981890678405762
1.7914435863494873
1.9178481101989746
1.7866847515106201
1.8885397911071777
1.8425476551055908
1.8632075786590576
1.861804723739624
1.8098623752593994
1.9166936874389648
1.8054754734039307
1.9261856079101562
1.8867661952972412
1.8770177364349365
1.84256911277771
1.8862547874450684
1.952547550201416
1.8245272636413574
1.905627965927124
1.8497655391693115
1.8974270820617676
1.8245365619659424
1.9411537647247314
1.9306278228759766
1.9419007301330566
1.8118798732757568
1.8995976448059082
1.8579339981079102
1.891221523284912
1.8673574924468994
1.9086766242980957
1.8875093460083008
1.8506340980529785
1.836057424545288
1.950690746307373
1.8173158168792725
1.969940423965454
1.9465434551239014
1.905838966369629
1.824737310409546
1.875600814819336
1.865577220916748
1.8938357830047607
1.9295575618743896
1.9572806358337402
1.8134915828704834
1.9420192241668701
1.9105901718139648
1.8392860889434814
1.8922715187072754
1.935591220855713
1.822634220123291
1.8230934143066406
1.802121877670288
1.8568084239959717
1.8567357063293457
1.7933366298675537
1.9820456504821777
1.8472702503204346
1.9031858444213867
1.914649486541748
1.9848825931549072
1.7920985221862793
1.8536460399627686
1.802018404006958
1.8407654762268066
1.8253109455108643
1.9608290195465088
1.8758926391601562
1.8620193004608154
1.8348522186279297
1.8376879692077637
1.8664095401763916
1.9904394149780273
1.8091437816619873
1.949038028717041
1.837778091430664
1.872063159942627
1.9400386810302734
1.9392027854919434
1.8221094608306885
1.8135714530944824
1.9544463157653809
1.822784662246704
1.8927290439605713
1.9355723857879639
1.8191113471984863
1.943650245666504
1.8205912113189697
1.8591110706329346
1.9441065788269043
1.819488286972046
1.9094171524047852
1.8474266529083252
1.8419344425201416
1.9361283779144287
1.8963825702667236
1.8756310939788818
1.8150851726531982
1.8507893085479736
1.8796439170837402
2.0068423748016357
1.981278896331787
1.8467991352081299
1.9416329860687256
1.8628993034362793
1.804150104522705
1.9360358715057373
1.821291208267212
1.8444929122924805
1.846160650253296
1.8713088035583496
1.7586469650268555
1.9550981521606445
1.844006061553955
1.865623950958252
1.882032871246338
