0.9520866870880127
1.9819951057434082
1.9707977771759033
1.9826290607452393
2.0759639739990234
1.9831693172454834
1.9919297695159912
1.987429141998291
1.973651647567749
1.9773802757263184
1.9829819202423096
1.9768476486206055
1.9971923828125
1.9764165878295898
2.082930088043213
1.9685473442077637
1.9767532348632812
1.978682279586792
1.9733140468597412
1.9716739654541016
2.0762624740600586
1.9757790565490723
1.9761557579040527
1.9762063026428223
2.0007009506225586
1.999190330505371
2.00413179397583
1.9868443012237549
1.9813766479492188
1.9707129001617432
1.9817280769348145
1.9743871688842773
1.9682140350341797
2.080627679824829
1.974473476409912
1.9758286476135254
1.9713099002838135
1.9773554801940918
1.9729797840118408
2.0685648918151855
1.9743537902832031
1.9830667972564697
1.977550745010376
1.9865953922271729
2.004878520965576
1.9787354469299316
1.986032485961914
1.9821085929870605
2.0183613300323486
2.0343520641326904
1.978330373764038
1.9857404232025146
1.9332966804504395
1.9441876411437988
2.029935598373413
2.0102906227111816
1.871368169784546
1.9669477939605713
2.03054141998291
1.991960048675537
1.9849042892456055
1.9828300476074219
1.9775667190551758
1.9787037372589111
1.9944946765899658
1.979527473449707
1.9792680740356445
1.984004020690918
1.9805338382720947
1.9780287742614746
2.0854196548461914
1.977851390838623
1.9663493633270264
1.98358154296875
1.9775869846343994
2.00947904586792
1.982144832611084
1.9767968654632568
1.9863216876983643
1.9816513061523438
1.9798600673675537
1.979304552078247
2.0697734355926514
1.9694976806640625
1.986328125
1.975142240524292
1.9895343780517578
1.9802954196929932
1.977320909500122
1.9791460037231445
2.0887460708618164
1.9774396419525146
1.978822946548462
1.981367588043213
1.9827260971069336
1.9764838218688965
2.091019630432129
1.9055604934692383
2.035308837890625
1.9126899242401123
2.011259078979492
1.9032635688781738
2.085247278213501
1.973665714263916
1.9771232604980469
1.979292631149292
1.9905714988708496
1.9760773181915283
1.9875779151916504
1.9696869850158691
1.9892160892486572
2.0901663303375244
1.8803696632385254
2.0956482887268066
1.9787423610687256
1.977222204208374
1.9888279438018799
1.9734561443328857
1.9774034023284912
1.9801781177520752
1.9810590744018555
1.9818124771118164
2.080611228942871
1.9927008152008057
1.8938839435577393
2.092667579650879
1.9792659282684326
1.9721298217773438
1.9854378700256348
1.9747614860534668
1.9870421886444092
1.9735755920410156
1.9903173446655273
2.0070528984069824
1.9866533279418945
1.989614725112915
1.9945125579833984
1.9923570156097412
1.9717950820922852
2.0834639072418213
1.9757046699523926
1.9839725494384766
1.97365403175354
1.9838829040527344
1.9772865772247314
1.977733850479126
1.9862902164459229
2.07502818107605
1.9830284118652344
1.975783109664917
1.979656457901001
1.9770948886871338
1.9863741397857666
1.9804627895355225
1.989088773727417
2.082502603530884
1.9773294925689697
1.9775915145874023
1.9790279865264893
1.9813830852508545
1.9801783561706543
1.9769294261932373
2.0770421028137207
1.979297161102295
1.9718196392059326
1.979285478591919
1.9817934036254883
1.9723873138427734
1.9863524436950684
2.083521604537964
1.9761419296264648
1.9769761562347412
1.9735498428344727
1.9771485328674316
1.9709606170654297
1.9862637519836426
2.080939531326294
1.9793894290924072
1.9824390411376953
1.9832489490509033
1.9694018363952637
1.974762201309204
2.0946128368377686
1.8850266933441162
2.079853057861328
1.9769556522369385
1.9771239757537842
1.9913525581359863
1.9740016460418701
1.9714810848236084
1.9774558544158936
2.0756616592407227
1.9812326431274414
1.978930950164795
1.9817774295806885
1.9823591709136963
1.976017951965332
1.9773211479187012
2.0849545001983643
1.9736647605895996
1.9876954555511475
1.9743521213531494
1.986764669418335
1.972034215927124
1.9856953620910645
1.994720220565796
1.9849512577056885
1.9771232604980469
2.074658155441284
1.9837963581085205
1.9719531536102295
1.9833321571350098
1.9844491481781006
1.9821181297302246
1.9826507568359375
1.9740636348724365
2.077096939086914
1.9746568202972412
1.9715197086334229
1.9875216484069824
1.983461856842041
1.975825309753418
1.975923776626587
1.9983024597167969
1.9963769912719727
1.9793334007263184
2.0991439819335938
1.9801228046417236
1.9864616394042969
1.9939978122711182
1.9832582473754883
1.971853494644165
1.9773051738739014
1.972114086151123
1.9773306846618652
1.9872486591339111
2.0855822563171387
1.9791254997253418
1.9841773509979248
1.9687087535858154
1.9828953742980957
1.983928918838501
1.97802734375
1.9799344539642334
2.0005600452423096
1.9816522598266602
2.0800955295562744
1.9836430549621582
