2.9317069053649902
1.7026500701904297
1.6751205921173096
1.695054531097412
1.6614625453948975
1.6579818725585938
1.6558051109313965
1.9417202472686768
1.6600112915039062
1.6597061157226562
1.6790635585784912
1.6601841449737549
1.6747303009033203
1.651993989944458
1.9813549518585205
1.6595771312713623
1.6765103340148926
1.655390739440918
1.6582741737365723
1.6668882369995117
1.6588878631591797
1.967294454574585
1.6595759391784668
1.6685574054718018
1.6657955646514893
1.6465585231781006
1.6497366428375244
1.6614718437194824
1.6581220626831055
1.9549882411956787
1.6687791347503662
1.655273675918579
1.6600837707519531
1.6371707916259766
1.9655299186706543
1.653562307357788
1.658599853515625
1.6724977493286133
1.664703369140625
1.6522743701934814
1.652155876159668
1.9451887607574463
1.716388463973999
1.6556406021118164
1.6501901149749756
1.6751422882080078
1.6596267223358154
1.6888363361358643
1.6855199337005615
1.9560222625732422
1.6635079383850098
1.6585395336151123
1.66455078125
1.6587245464324951
1.6798067092895508
1.6401021480560303
1.952204942703247
1.6978933811187744
1.6710894107818604
1.6418347358703613
1.6417086124420166
1.6841180324554443
1.643486738204956
1.966679334640503
1.6349608898162842
1.6466383934020996
1.6579511165618896
1.7112045288085938
1.6570911407470703
1.951747179031372
1.6556212902069092
1.6552667617797852
1.6394743919372559
1.6841201782226562
1.6871418952941895
1.6987454891204834
1.7114942073822021
1.6841371059417725
1.647770643234253
1.990699291229248
1.6805419921875
1.64925217628479
1.6411433219909668
1.6486148834228516
1.6817898750305176
1.972046136856079
1.6392440795898438
1.6736273765563965
1.652911901473999
1.6535873413085938
1.6598224639892578
1.656996250152588
1.9633440971374512
1.6549959182739258
1.6828672885894775
1.655918836593628
1.6849417686462402
1.648292064666748
1.6655588150024414
1.6543829441070557
1.9765307903289795
1.6517994403839111
1.6505186557769775
1.6934394836425781
1.6492464542388916
1.6589500904083252
1.6601226329803467
1.637315273284912
1.9665029048919678
1.64215087890625
1.6487483978271484
1.6436200141906738
1.6633234024047852
1.6713647842407227
1.6306347846984863
1.6759355068206787
1.6825287342071533
1.6564185619354248
1.976008653640747
1.669006586074829
1.6698403358459473
1.6735339164733887
1.6585888862609863
1.667569637298584
1.6846864223480225
1.6524243354797363
1.9735548496246338
1.6659395694732666
1.6753547191619873
1.6656162738800049
1.6786472797393799
1.6533410549163818
1.6654877662658691
1.6585898399353027
1.6606287956237793
1.6373744010925293
1.9644293785095215
1.6839637756347656
1.6552186012268066
1.6572377681732178
1.640364408493042
1.6496570110321045
1.6374940872192383
1.6520154476165771
1.9537270069122314
1.7131798267364502
1.6628777980804443
1.7000226974487305
1.65110182762146
1.6444149017333984
1.6536533832550049
1.6681411266326904
1.9936411380767822
1.680809497833252
1.675513505935669
1.6437397003173828
1.6637921333312988
1.6571707725524902
1.9913766384124756
1.652003526687622
1.6451280117034912
1.641709566116333
1.9501242637634277
1.660050392150879
1.67917799949646
1.6495068073272705
1.6635847091674805
1.6630916595458984
1.9889943599700928
1.6414663791656494
1.6837270259857178
1.646484375
1.670490026473999
1.6569628715515137
1.972804307937622
1.6782276630401611
1.6713206768035889
1.66599702835083
1.660991907119751
1.6729004383087158
1.965207815170288
1.6458230018615723
1.648414134979248
1.657602071762085
1.6776518821716309
1.9432988166809082
1.672147512435913
1.6555473804473877
1.662891149520874
1.6667840480804443
1.9665451049804688
1.6712064743041992
1.6635360717773438
1.6575145721435547
1.6757352352142334
1.676969051361084
1.6690425872802734
1.9696223735809326
1.722076654434204
1.6513524055480957
1.6977436542510986
1.6668651103973389
1.6592950820922852
1.672889232635498
1.6765406131744385
1.9539191722869873
1.6456985473632812
1.673539161682129
1.6499133110046387
1.6459248065948486
1.929187536239624
1.6413848400115967
1.690385103225708
1.6689143180847168
1.665480613708496
1.6875100135803223
1.982187271118164
1.664550542831421
1.6458325386047363
1.6650006771087646
1.6565322875976562
1.6759741306304932
1.9828109741210938
1.6471104621887207
1.6556758880615234
1.6902339458465576
1.6429870128631592
1.9497747421264648
1.6508269309997559
1.670766830444336
1.7139172554016113
1.6710221767425537
1.6812269687652588
1.6510372161865234
1.9494493007659912
1.672745943069458
1.6527352333068848
1.6638693809509277
1.7072808742523193
1.6706550121307373
1.7437875270843506
1.6477458477020264
1.6990504264831543
1.6447060108184814
1.7944071292877197
1.679464340209961
1.9522511959075928
1.646998643875122
1.6439604759216309
1.68143892288208
1.6462428569793701
1.678692102432251
1.9677152633666992
1.6584889888763428
1.6818053722381592
1.663285493850708
1.6479814052581787
1.6653592586517334
1.7054698467254639
1.9727065563201904
1.6829140186309814
1.6778104305267334
1.6464433670043945
1.6476025581359863
1.9521839618682861
1.6509568691253662
1.6519134044647217
1.682521104812622
1.6689271926879883
1.6490716934204102
1.9368486404418945
1.6339423656463623
1.6308865547180176
1.6339716911315918
1.6483714580535889
1.6399991512298584
1.631615400314331
1.949718952178955
1.6316871643066406
1.6335127353668213
1.6220548152923584
1.9261555671691895
1.6318423748016357
1.6365203857421875
1.6239519119262695
1.628000259399414
1.929830551147461
1.6342072486877441
1.6437418460845947
1.636138677597046
1.6330721378326416
1.6368086338043213
1.928924322128296
1.6414391994476318
1.6515438556671143
1.6287727355957031
1.6440327167510986
1.651672124862671
1.6337616443634033
1.6464941501617432
1.9613964557647705
1.6291131973266602
1.6270904541015625
1.6387708187103271
1.6313960552215576
1.9329087734222412
1.643749475479126
1.6364567279815674
1.6346490383148193
1.9316871166229248
1.6267166137695312
1.634387731552124
1.6269142627716064
1.9297680854797363
1.6297366619110107
1.6364631652832031
1.6494700908660889
1.947556495666504
1.6497209072113037
1.6331675052642822
1.9318199157714844
1.6349406242370605
1.6271533966064453
1.6364467144012451
1.941162347793579
1.6305384635925293
1.6283366680145264
1.6295557022094727
1.6374719142913818
1.942474365234375
1.628934621810913
1.6374096870422363
1.9368293285369873
1.6427545547485352
1.650160551071167
1.6536240577697754
1.3404347896575928
1.7006378173828125
1.6636466979980469
1.6590614318847656
1.645552158355713
1.9584202766418457
1.6565978527069092
1.6377296447753906
1.636335849761963
1.6507439613342285
1.6642215251922607
1.643068552017212
1.6610658168792725
1.6529808044433594
1.6660799980163574
1.6462903022766113
1.6696577072143555
1.646911859512329
1.654940128326416
1.6757609844207764
1.645402193069458
1.650212287902832
1.6396374702453613
1.6482501029968262
1.6636052131652832
1.3432927131652832
1.6772010326385498
1.946265697479248
1.6324436664581299
1.6635687351226807
1.675093412399292
1.6637699604034424
1.6492409706115723
1.6531524658203125
1.6380813121795654
1.6446254253387451
1.6590871810913086
1.3424217700958252
1.6327497959136963
1.9561569690704346
1.6652865409851074
1.6535472869873047
1.6442217826843262
1.6546289920806885
1.7091503143310547
1.6539671421051025
1.642594337463379
1.9412221908569336
1.6440770626068115
1.65806245803833
1.6503043174743652
1.6466774940490723
1.953967571258545
1.6490867137908936
1.6482398509979248
1.6633868217468262
1.9440195560455322
1.642634391784668
1.6688296794891357
1.6601407527923584
1.650327205657959
1.6623215675354004
1.651993989944458
1.955188512802124
1.6726868152618408
1.68217134475708
1.6497600078582764
1.6313130855560303
1.6279542446136475
1.9336063861846924
1.6385979652404785
1.6293704509735107
1.638852834701538
1.632598638534546
1.9373974800109863
1.6476531028747559
1.6680731773376465
1.6708927154541016
1.6544454097747803
1.660156011581421
1.6721343994140625
1.6562161445617676
1.686661958694458
1.6941163539886475
1.9604268074035645
1.6571474075317383
1.6354138851165771
1.6366829872131348
1.6475772857666016
1.9512207508087158
1.664994478225708
1.6492366790771484
1.6578125953674316
1.6457550525665283
1.6866955757141113
1.6729092597961426
1.9510657787322998
1.690786361694336
1.675342082977295
1.6530344486236572
1.6760482788085938
1.6514670848846436
1.6496427059173584
1.6915555000305176
1.9751801490783691
1.6512506008148193
1.6791155338287354
1.6543989181518555
1.6873910427093506
1.6485259532928467
1.6757519245147705
1.9439725875854492
1.675321102142334
1.6832799911499023
1.6503968238830566
1.6385178565979004
1.7084436416625977
1.6630604267120361
1.9667365550994873
1.6626462936401367
1.6637992858886719
1.6512601375579834
1.6787691116333008
1.6747138500213623
1.648777961730957
1.9610612392425537
1.6619677543640137
1.6582069396972656
1.659769058227539
1.665437936782837
1.9593093395233154
1.6822350025177002
1.6665863990783691
1.6614484786987305
1.6581943035125732
1.6257367134094238
1.9352777004241943
1.6500165462493896
1.6475727558135986
1.6540920734405518
1.675349473953247
1.9386839866638184
1.6677489280700684
1.6590814590454102
1.6448452472686768
1.9489495754241943
1.6547935009002686
1.654188632965088
1.6530895233154297
1.6590168476104736
1.6455020904541016
1.6382367610931396
1.6839580535888672
1.9656312465667725
1.65940523147583
1.6710224151611328
1.6723756790161133
1.6709966659545898
1.642958641052246
1.6515865325927734
1.965167760848999
1.657491683959961
1.6530282497406006
1.701021671295166
1.6516551971435547
1.6431732177734375
1.6617162227630615
2.0039806365966797
1.6588737964630127
1.7249031066894531
1.6767842769622803
1.6461365222930908
1.6844894886016846
1.666332721710205
1.6686222553253174
1.6713128089904785
1.6910624504089355
1.6591217517852783
1.9796371459960938
1.6718947887420654
1.647977590560913
1.6641058921813965
1.6267046928405762
1.6326472759246826
1.9529082775115967
1.665778398513794
1.676436185836792
1.6500935554504395
1.6634531021118164
1.9601819515228271
1.6577024459838867
1.6784589290618896
1.657857894897461
1.6771352291107178
1.6735906600952148
1.6533386707305908
1.6324679851531982
1.9680814743041992
1.702596664428711
1.6472063064575195
1.651092290878296
1.6494615077972412
1.6896095275878906
1.6769893169403076
1.667471170425415
1.6503534317016602
1.6751880645751953
1.6656608581542969
1.9508278369903564
1.6730172634124756
1.687638282775879
1.667855978012085
1.6899235248565674
1.6494078636169434
1.6886050701141357
1.647031307220459
1.953685998916626
1.6632742881774902
1.6667983531951904
1.7037241458892822
1.678297519683838
1.675116777420044
1.6748251914978027
1.6671323776245117
1.6870203018188477
1.6734693050384521
1.6698658466339111
1.9803850650787354
1.6388428211212158
1.6363677978515625
1.6485748291015625
1.6510586738586426
1.6555697917938232
1.6404979228973389
1.6605720520019531
1.9653143882751465
1.6543049812316895
1.655196189880371
1.668224811553955
1.6706016063690186
1.6632747650146484
1.6433677673339844
1.666595697402954
1.9701945781707764
1.6286664009094238
1.6677119731903076
1.636016845703125
1.6421740055084229
1.9580957889556885
1.6650080680847168
1.6784472465515137
1.6616466045379639
1.6675066947937012
1.6923587322235107
1.6382288932800293
1.6535534858703613
1.6538786888122559
1.6624794006347656
1.7042732238769531
1.6478314399719238
1.6583006381988525
1.6673941612243652
1.981189250946045
1.6552042961120605
1.6695282459259033
1.666990041732788
1.6699647903442383
1.660548210144043
1.6524529457092285
1.9994566440582275
1.654527187347412
1.68170166015625
1.6693437099456787
1.658966064453125
1.6508255004882812
1.65437912940979
1.6668550968170166
1.6486632823944092
1.63197660446167
1.9697446823120117
1.6631443500518799
1.6590001583099365
1.6816365718841553
1.6681246757507324
1.6744704246520996
1.6530976295471191
1.9556307792663574
1.6498570442199707
1.6612091064453125
1.6536915302276611
1.6523239612579346
1.6338202953338623
1.6550977230072021
1.9649372100830078
1.6381182670593262
1.6571681499481201
1.6629276275634766
1.6509342193603516
1.9470722675323486
1.644822359085083
1.672212839126587
1.661517858505249
1.6719779968261719
