2.922023057937622
1.6765496730804443
1.6604409217834473
1.6754186153411865
1.6560320854187012
1.6484556198120117
1.66090726852417
1.6581614017486572
1.654397964477539
1.6444528102874756
1.6610851287841797
1.6530382633209229
1.6793701648712158
1.645620346069336
1.6619291305541992
1.6607320308685303
1.6651611328125
1.658740520477295
1.6660182476043701
1.6995785236358643
1.6443233489990234
1.6694953441619873
1.6507258415222168
1.663618803024292
1.664846420288086
1.6513495445251465
1.6603443622589111
1.6664481163024902
1.6878468990325928
1.6421222686767578
1.6480209827423096
1.6563880443572998
1.649566650390625
1.638422966003418
1.6574623584747314
1.665893316268921
1.6741960048675537
1.6696033477783203
1.6440908908843994
1.6584115028381348
1.647261142730713
1.681661605834961
1.7230679988861084
1.6554973125457764
1.6519956588745117
1.6421172618865967
1.6522796154022217
1.6857068538665771
1.6731791496276855
1.6806840896606445
1.6512291431427002
1.6572065353393555
1.6642210483551025
1.6485803127288818
1.666637659072876
1.651634931564331
1.6592190265655518
1.641435146331787
1.6679797172546387
1.647547960281372
1.6534674167633057
1.6404008865356445
1.674243450164795
1.6590609550476074
1.6472837924957275
1.643021583557129
1.638002872467041
1.6926517486572266
1.6619231700897217
1.68515944480896
1.661181926727295
1.6735444068908691
1.6375823020935059
1.6806180477142334
1.6749529838562012
1.6695983409881592
1.7418146133422852
1.6606831550598145
1.6663532257080078
1.977661371231079
1.6597704887390137
1.6455144882202148
1.648064136505127
1.6309363842010498
1.668938159942627
1.665691614151001
1.6601974964141846
1.6613833904266357
1.6494762897491455
1.653388500213623
1.6843531131744385
1.6332721710205078
1.971071481704712
1.676175832748413
1.684661626815796
1.6549551486968994
1.6812195777893066
1.679577112197876
1.6524949073791504
1.638629674911499
1.9692010879516602
1.657930850982666
1.64813232421875
1.6708052158355713
1.6495139598846436
1.6477031707763672
1.6521210670471191
1.6381287574768066
1.9497416019439697
1.6560957431793213
1.6476399898529053
1.647737741470337
1.6918911933898926
1.6435182094573975
1.631927490234375
1.6653435230255127
1.6413869857788086
1.6744635105133057
1.9498565196990967
1.6413969993591309
1.6553573608398438
1.638277530670166
1.6637537479400635
1.665191888809204
1.6862847805023193
1.6566145420074463
1.66371488571167
1.6638398170471191
1.6858484745025635
1.6664011478424072
1.6736350059509277
1.6741552352905273
1.6791553497314453
1.6809821128845215
1.637744426727295
1.6540212631225586
1.9443926811218262
1.6535978317260742
1.6542682647705078
1.6543636322021484
1.640695571899414
1.6385579109191895
1.6421074867248535
1.6602065563201904
1.9622654914855957
1.6776123046875
1.6675293445587158
1.6977896690368652
1.6488571166992188
1.642817735671997
1.6840338706970215
1.6719796657562256
1.6550161838531494
1.6560964584350586
1.6715636253356934
1.6464452743530273
1.6444392204284668
1.6588449478149414
1.9608068466186523
1.6672711372375488
1.6563372611999512
1.6431734561920166
1.6629652976989746
1.6738409996032715
1.6851840019226074
1.6501996517181396
1.6487364768981934
1.660811424255371
1.6826460361480713
1.6381146907806396
1.6917204856872559
1.6352128982543945
1.656585931777954
1.6518137454986572
1.9775865077972412
1.6717238426208496
1.6829802989959717
1.6643280982971191
1.648878812789917
1.6643974781036377
1.9458625316619873
1.6547572612762451
1.6293017864227295
1.6311283111572266
1.6858594417572021
1.6522672176361084
1.6670629978179932
1.656073808670044
1.675156831741333
1.6509015560150146
1.6573240756988525
1.6702630519866943
1.6474452018737793
1.6440513134002686
1.6563043594360352
1.669377088546753
1.658501148223877
1.9623277187347412
1.6697978973388672
1.6461710929870605
1.6758294105529785
1.6729671955108643
1.6824712753295898
1.6691055297851562
1.6694481372833252
1.6654582023620605
1.6620123386383057
1.677459478378296
1.657641887664795
1.6532199382781982
1.6595571041107178
1.646641492843628
1.646777868270874
1.6464412212371826
1.6769304275512695
1.6591484546661377
1.6688289642333984
1.666144609451294
1.6666302680969238
1.6414828300476074
1.6406149864196777
1.6552112102508545
1.672271966934204
1.6574628353118896
1.651489019393921
1.651723861694336
1.6331570148468018
1.6534950733184814
1.6537437438964844
1.6538629531860352
1.6963202953338623
1.6629571914672852
1.6483545303344727
1.6447012424468994
1.672020673751831
1.6554269790649414
1.6573660373687744
1.6634838581085205
1.691072702407837
1.6783699989318848
1.6685235500335693
1.6424942016601562
1.6765022277832031
1.6772887706756592
1.7706916332244873
1.6628139019012451
1.6550352573394775
1.6396400928497314
1.6332509517669678
1.6562669277191162
1.6480448246002197
1.6586394309997559
1.9527363777160645
1.6414127349853516
1.676417589187622
1.6542179584503174
1.6495506763458252
1.6525554656982422
1.6553704738616943
1.977611780166626
1.6396865844726562
1.6777565479278564
1.6774828433990479
1.6439435482025146
1.6433079242706299
1.6515722274780273
1.643458366394043
1.6466965675354004
1.6820201873779297
1.632697582244873
1.6343443393707275
1.6381244659423828
1.6330406665802002
1.6326987743377686
1.6308128833770752
1.6396043300628662
1.6328182220458984
1.932936191558838
1.6235625743865967
1.6227362155914307
1.6321563720703125
1.6222479343414307
1.6195812225341797
1.63700270652771
1.624328851699829
1.639415979385376
1.9277019500732422
1.6315958499908447
1.6324162483215332
1.6257081031799316
1.6329600811004639
1.6530988216400146
1.9426350593566895
1.6421618461608887
1.3829524517059326
1.631737470626831
1.631608009338379
1.6682827472686768
1.6414427757263184
1.6450834274291992
1.6487295627593994
1.6413676738739014
1.6270055770874023
1.6288268566131592
1.62953519821167
1.63081955909729
1.628446340560913
1.6305081844329834
1.6276090145111084
1.933079481124878
1.6322517395019531
1.6279191970825195
1.623800277709961
1.9287967681884766
1.6262807846069336
1.6257410049438477
1.6619524955749512
1.6571321487426758
1.6320686340332031
1.6312015056610107
1.6359996795654297
1.6362102031707764
1.6315407752990723
1.6418824195861816
1.9367070198059082
1.626378059387207
1.6291084289550781
1.6269137859344482
1.6434357166290283
1.6319828033447266
1.6323485374450684
1.6526710987091064
1.9488089084625244
1.6377568244934082
1.6664178371429443
1.3414478302001953
1.364549160003662
1.6631321907043457
1.6512460708618164
1.6718106269836426
1.64491605758667
1.6674304008483887
1.6530907154083252
1.636495590209961
1.6411526203155518
1.6415233612060547
1.6636886596679688
1.3524870872497559
1.3715803623199463
1.339329481124878
1.3413975238800049
1.3406426906585693
1.3613591194152832
1.6516833305358887
1.3486785888671875
1.6574621200561523
1.3507919311523438
1.3499372005462646
1.6466128826141357
1.641507863998413
1.6493744850158691
1.3322007656097412
1.6822495460510254
1.9479246139526367
1.6446504592895508
1.3763399124145508
1.6483166217803955
1.3674125671386719
1.3564021587371826
1.641143560409546
1.6438608169555664
1.3403222560882568
1.3450927734375
1.3382890224456787
1.645421028137207
1.962087631225586
1.672614336013794
1.660433292388916
1.6486473083496094
1.6596980094909668
1.7091667652130127
1.658170223236084
1.6582584381103516
1.649078369140625
1.6592724323272705
1.6532082557678223
1.6392347812652588
1.641584873199463
1.655059814453125
1.6470894813537598
1.6275663375854492
1.6463420391082764
1.6686296463012695
1.6343488693237305
1.6601176261901855
1.665283203125
1.6669092178344727
1.6576199531555176
1.6560313701629639
1.65802001953125
1.65818452835083
1.677034854888916
1.6414413452148438
1.6262078285217285
1.6316814422607422
1.9360215663909912
1.6374337673187256
1.6379060745239258
1.6457035541534424
1.6436545848846436
1.634920358657837
1.6528558731079102
1.6442959308624268
1.6465609073638916
1.6600172519683838
1.6614704132080078
1.6753764152526855
1.6498761177062988
1.6426599025726318
1.652667760848999
1.6609559059143066
1.6487836837768555
1.6399590969085693
1.6424574851989746
1.6462085247039795
1.6534099578857422
1.6590924263000488
1.6360933780670166
1.643204689025879
1.6472465991973877
1.705190896987915
1.645944595336914
1.6479544639587402
1.6863071918487549
1.6675662994384766
1.669121265411377
1.6401188373565674
1.6466753482818604
1.6495566368103027
1.6931354999542236
1.9786717891693115
1.6553850173950195
1.6855862140655518
1.6667933464050293
1.6545143127441406
1.6561625003814697
1.672210931777954
1.6510210037231445
1.668522834777832
1.6479427814483643
1.6508331298828125
1.6635432243347168
1.6710436344146729
1.649679183959961
1.6486093997955322
1.6796903610229492
1.6647720336914062
1.6385915279388428
1.6676301956176758
1.6524107456207275
1.633134126663208
1.6930124759674072
1.6468851566314697
1.650590181350708
1.6544740200042725
1.6478023529052734
1.6922695636749268
1.6650111675262451
1.6591877937316895
1.382694959640503
1.6376936435699463
1.634925365447998
1.6494436264038086
1.6551885604858398
1.6498444080352783
1.6475119590759277
1.6633186340332031
1.6548750400543213
1.6581428050994873
1.6491780281066895
1.6608703136444092
1.661142349243164
1.6519811153411865
1.6442134380340576
1.671635627746582
1.6852326393127441
1.6562087535858154
1.6462969779968262
1.675048589706421
1.6682398319244385
1.657595157623291
1.669571876525879
1.7085835933685303
1.6461868286132812
1.6353669166564941
1.6621856689453125
1.9484221935272217
1.6674880981445312
1.6664402484893799
1.6497373580932617
1.6343204975128174
1.6394193172454834
1.6553828716278076
1.991373062133789
1.6603188514709473
1.702500581741333
1.6669790744781494
1.641890287399292
1.657043218612671
1.6658544540405273
1.650315523147583
1.6701555252075195
1.6629281044006348
1.675391435623169
1.6996335983276367
1.655879259109497
1.6458303928375244
1.6504573822021484
1.6392064094543457
1.6737773418426514
1.685373067855835
1.392289161682129
1.6414270401000977
1.6541187763214111
1.6661241054534912
1.653954267501831
1.6392791271209717
1.6556448936462402
1.646810531616211
1.677865743637085
1.668041706085205
1.644665241241455
1.6464881896972656
1.9439358711242676
1.6996214389801025
1.6697685718536377
1.632251262664795
1.6509382724761963
1.6492586135864258
1.6716303825378418
1.6547737121582031
1.6529293060302734
1.6655070781707764
1.6485309600830078
1.6759655475616455
1.6450514793395996
1.6635158061981201
1.6619071960449219
1.6413311958312988
1.6414716243743896
1.6699316501617432
1.653043508529663
1.6442177295684814
1.66501784324646
1.6767139434814453
1.7062780857086182
1.663297414779663
1.6598832607269287
1.6556766033172607
1.665999412536621
1.6994950771331787
1.6537721157073975
1.6685879230499268
1.6475703716278076
1.682600975036621
1.6418671607971191
1.6522881984710693
1.6662194728851318
1.6641225814819336
1.6687345504760742
1.6475379467010498
1.6558642387390137
1.6444904804229736
1.6444625854492188
1.6762239933013916
1.663158655166626
1.6436679363250732
1.6530430316925049
1.6723122596740723
1.6697134971618652
1.3324675559997559
1.6526165008544922
1.6412901878356934
1.6819336414337158
1.6917686462402344
1.6624724864959717
1.676025390625
1.6560583114624023
1.683229923248291
1.6848552227020264
1.6369061470031738
1.650214433670044
1.6782283782958984
1.6562480926513672
1.6873726844787598
1.6719262599945068
1.660792589187622
1.6524899005889893
1.9524126052856445
1.6540510654449463
1.6487963199615479
1.6683523654937744
1.6599035263061523
1.6511764526367188
1.6538074016571045
1.6611840724945068
1.6433417797088623
1.6749904155731201
1.672266960144043
1.6595778465270996
1.6529788970947266
1.6597270965576172
1.6539456844329834
1.6396231651306152
1.643798828125
1.65852952003479
1.657475471496582
1.643052577972412
1.6645712852478027
1.6354832649230957
1.6433110237121582
1.6450674533843994
1.639211893081665
1.6703755855560303
1.6609535217285156
1.6517765522003174
1.6584904193878174
1.6412651538848877
1.651472806930542
1.6555378437042236
1.6479103565216064
1.6474692821502686
1.6509535312652588
1.6564974784851074
1.664935827255249
1.6381523609161377
1.6540210247039795
1.6346890926361084
1.6509735584259033
