2.9058871269226074
1.6572978496551514
1.6927199363708496
1.6783699989318848
1.6813089847564697
1.6507163047790527
1.637638807296753
1.6426975727081299
1.651580810546875
1.6516354084014893
1.6501166820526123
1.6477255821228027
1.6952836513519287
1.6712563037872314
1.6510717868804932
1.666203260421753
1.6455905437469482
1.6496591567993164
1.6417584419250488
1.674283504486084
1.660196304321289
1.6601407527923584
1.6561143398284912
1.6496672630310059
1.6745390892028809
1.6549501419067383
1.653754472732544
1.657588005065918
1.6619572639465332
1.6597340106964111
1.6449458599090576
1.6511683464050293
1.6492457389831543
1.670243263244629
1.6404883861541748
1.6456315517425537
1.6885833740234375
1.6537251472473145
1.6697757244110107
1.6636533737182617
1.6374444961547852
1.6479682922363281
1.6834685802459717
1.669996738433838
1.664377212524414
1.6811227798461914
1.6501660346984863
1.6747641563415527
1.6779804229736328
1.6736459732055664
1.6452767848968506
1.6500744819641113
1.6752493381500244
1.6407976150512695
1.6450488567352295
1.6686780452728271
1.6615545749664307
1.659505844116211
1.6453771591186523
1.6529014110565186
1.6746916770935059
1.674576997756958
1.6425738334655762
1.6613688468933105
1.6410913467407227
1.6561424732208252
1.6454041004180908
1.700287103652954
1.6678876876831055
1.6870062351226807
1.661085605621338
1.658052921295166
1.644653558731079
1.680255651473999
1.6939458847045898
1.6564724445343018
1.7433924674987793
1.6714856624603271
1.6651735305786133
1.9767017364501953
1.6688599586486816
1.6446852684020996
1.646672010421753
1.6475512981414795
1.6679131984710693
1.6675190925598145
1.641662836074829
1.6575775146484375
1.6577043533325195
1.6487221717834473
1.65397310256958
1.63234543800354
1.6666979789733887
1.638789176940918
1.6553924083709717
1.685495376586914
1.6806509494781494
1.6683344841003418
1.6543641090393066
1.6427650451660156
1.9764447212219238
1.6478948593139648
1.6318035125732422
1.6767306327819824
1.655761957168579
1.649106740951538
1.6663963794708252
1.6663286685943604
1.951493501663208
1.6572747230529785
1.6438302993774414
1.6529450416564941
1.7119252681732178
1.6463940143585205
1.6377990245819092
1.6631484031677246
1.6608037948608398
1.6805047988891602
1.9654202461242676
1.6601533889770508
1.647313117980957
1.6380038261413574
1.674116849899292
1.6762917041778564
1.657933235168457
1.6814112663269043
1.6598389148712158
1.6745195388793945
1.665747880935669
1.6537837982177734
1.6525185108184814
1.6450903415679932
1.6889722347259521
1.6498217582702637
1.650564432144165
1.6693565845489502
1.9583756923675537
1.6612658500671387
1.6416010856628418
1.6391849517822266
1.6349313259124756
1.6363251209259033
1.641685962677002
1.666590690612793
1.956526517868042
1.6653728485107422
1.6431574821472168
1.6915335655212402
1.6598625183105469
1.6675994396209717
1.663780689239502
1.6651358604431152
1.642545461654663
1.657362461090088
1.6469569206237793
1.6321001052856445
1.6519522666931152
1.6715221405029297
1.9772672653198242
1.6734328269958496
1.6402549743652344
1.6542878150939941
1.6650147438049316
1.652402639389038
1.6569161415100098
1.6397380828857422
1.642435073852539
1.667510747909546
1.679502010345459
1.646653175354004
1.6699600219726562
1.6458182334899902
1.6374764442443848
1.660975456237793
1.997032880783081
1.6664633750915527
1.6633539199829102
1.6404845714569092
1.6492557525634766
1.6607122421264648
1.9507482051849365
1.65449857711792
1.648665428161621
1.634728193283081
1.670403242111206
1.6782240867614746
1.6560468673706055
1.6338343620300293
1.677431344985962
1.6571323871612549
1.6656582355499268
1.6476571559906006
1.6711909770965576
1.6345200538635254
1.6484215259552002
1.6631147861480713
1.660146713256836
1.9586153030395508
1.6765210628509521
1.649376630783081
1.6562871932983398
1.6497142314910889
1.6880173683166504
1.6412627696990967
1.6375362873077393
1.6576647758483887
1.6474659442901611
1.6719450950622559
1.644052505493164
1.6498820781707764
1.6498878002166748
1.6398684978485107
1.6409211158752441
1.6556599140167236
1.6562635898590088
1.6562867164611816
1.6738853454589844
1.6452972888946533
1.6583731174468994
1.6468746662139893
1.6505608558654785
1.6713664531707764
1.665592908859253
1.6461329460144043
1.6346142292022705
1.6607089042663574
1.6438205242156982
1.6498608589172363
1.6368358135223389
1.6428008079528809
1.705538272857666
1.6437466144561768
1.6378822326660156
1.6471261978149414
1.6851892471313477
1.6663148403167725
1.6863031387329102
1.651228904724121
1.6533374786376953
1.6710267066955566
1.6674280166625977
1.6445772647857666
1.6565120220184326
1.6420061588287354
1.7872302532196045
1.6748979091644287
1.6614317893981934
1.6402931213378906
1.6376736164093018
1.635540246963501
1.6442270278930664
1.6516437530517578
1.9544596672058105
1.6359386444091797
1.6614747047424316
1.665931224822998
1.6548266410827637
1.6437690258026123
1.6641082763671875
1.9915378093719482
1.649139165878296
1.690849781036377
1.6503610610961914
1.6554803848266602
1.6444079875946045
1.65836763381958
1.6459031105041504
1.6635313034057617
1.6469006538391113
1.6286404132843018
1.6343159675598145
1.6350820064544678
1.6356096267700195
1.6455929279327393
1.633620023727417
1.6306297779083252
1.6354897022247314
1.9285829067230225
1.6227576732635498
1.6220967769622803
1.6216392517089844
1.6220731735229492
1.622145414352417
1.637627363204956
1.6243412494659424
1.6347196102142334
1.9307217597961426
1.6254329681396484
1.6317002773284912
1.636061668395996
1.6369452476501465
1.6499216556549072
1.936591386795044
1.633734941482544
1.3394954204559326
1.6294288635253906
1.6316745281219482
1.6662843227386475
1.6596667766571045
1.6315052509307861
1.6670207977294922
1.6328437328338623
1.6278572082519531
1.6286516189575195
1.629831314086914
1.627918004989624
1.6331193447113037
1.6291427612304688
1.6301333904266357
1.930948257446289
1.6265602111816406
1.6324377059936523
1.623915195465088
1.931105613708496
1.623720407485962
1.6321282386779785
1.6333186626434326
1.6577239036560059
1.632943868637085
1.6328294277191162
1.6300997734069824
1.6394128799438477
1.6272485256195068
1.6389362812042236
1.9412555694580078
1.6341638565063477
1.6297791004180908
1.6309337615966797
1.6284301280975342
1.6343157291412354
1.6367976665496826
1.6429634094238281
1.6378381252288818
1.6344883441925049
1.6399204730987549
1.3635692596435547
1.338515281677246
1.6502492427825928
1.6595070362091064
1.6340014934539795
1.6493189334869385
1.6403725147247314
1.6429078578948975
1.6412696838378906
1.6350500583648682
1.6389329433441162
1.6610407829284668
1.3554143905639648
1.359616994857788
1.3464531898498535
1.347736120223999
1.3433701992034912
1.355506181716919
1.6428050994873047
1.3461999893188477
1.3812191486358643
1.3541791439056396
1.3561906814575195
1.3412926197052002
1.636000156402588
1.6483876705169678
1.3302061557769775
1.6783511638641357
1.9402236938476562
1.635235071182251
1.3522193431854248
1.6481451988220215
1.3596885204315186
1.3688991069793701
1.643686294555664
1.6502318382263184
1.341601848602295
1.3780217170715332
1.3467485904693604
1.6308441162109375
1.6481695175170898
1.6637706756591797
1.6657798290252686
1.6682281494140625
1.6659724712371826
1.6857221126556396
1.6412312984466553
1.6579344272613525
1.632533073425293
1.645430564880371
1.6389598846435547
1.6562111377716064
1.6484858989715576
1.6585273742675781
1.6561312675476074
1.6336171627044678
1.6473078727722168
1.6499288082122803
1.6633398532867432
1.6446044445037842
1.6471242904663086
1.6648812294006348
1.659712791442871
1.650439739227295
1.6480960845947266
1.6492602825164795
1.661506175994873
1.6363224983215332
1.6302902698516846
1.6296281814575195
1.9360272884368896
1.6371941566467285
1.629401683807373
1.6627607345581055
1.6427853107452393
1.6402592658996582
1.6405551433563232
1.6446471214294434
1.6466314792633057
1.6589128971099854
1.6481926441192627
1.648820400238037
1.6599655151367188
1.6462175846099854
1.6493923664093018
1.6475005149841309
1.678178071975708
1.649277925491333
1.6450440883636475
1.6462671756744385
1.653179407119751
1.656581163406372
1.6404399871826172
1.6479601860046387
1.6621019840240479
1.6919896602630615
1.6379587650299072
1.632777452468872
1.6630125045776367
1.6418707370758057
1.6364784240722656
1.6387383937835693
1.6673853397369385
1.6520969867706299
1.660461187362671
1.9637467861175537
1.6542034149169922
1.6690444946289062
1.669020175933838
1.6751203536987305
1.6673614978790283
1.6622898578643799
1.650926113128662
1.668138027191162
1.6376514434814453
1.6443889141082764
1.6567914485931396
1.6746892929077148
1.6517033576965332
1.6614320278167725
1.6867437362670898
1.6502768993377686
1.638671636581421
1.6412651538848877
1.6466670036315918
1.6675527095794678
1.6840119361877441
1.6529195308685303
1.6573305130004883
1.662834644317627
1.6576812267303467
1.6858937740325928
1.6495869159698486
1.6554980278015137
1.3890461921691895
1.6542174816131592
1.6534087657928467
1.6370742321014404
1.6514663696289062
1.6562721729278564
1.6535592079162598
1.6474528312683105
1.6596407890319824
1.6571259498596191
1.650341510772705
1.6590285301208496
1.6732149124145508
1.644653081893921
1.636277675628662
1.6581096649169922
1.650463581085205
1.6658515930175781
1.6454555988311768
1.7301254272460938
1.6564233303070068
1.6368162631988525
1.6453442573547363
1.6445221900939941
1.6472516059875488
1.6531522274017334
1.6548357009887695
1.9914395809173584
1.6664865016937256
1.654057502746582
1.6548004150390625
1.6449127197265625
1.630183458328247
1.6845791339874268
1.9996111392974854
1.6363847255706787
1.671351671218872
1.640397071838379
1.6477062702178955
1.6590359210968018
1.6481521129608154
1.6416211128234863
1.6624367237091064
1.658381700515747
1.6743004322052002
1.679609775543213
1.6425180435180664
1.6571934223175049
1.650223970413208
1.6684999465942383
1.6318378448486328
1.6801064014434814
1.3912465572357178
1.6494252681732178
1.6594231128692627
1.6658730506896973
1.6479413509368896
1.6529152393341064
1.6796338558197021
1.6462421417236328
1.6624515056610107
1.666027545928955
1.6654233932495117
1.6461975574493408
1.9623351097106934
1.6926443576812744
1.6397650241851807
1.6379601955413818
1.6622436046600342
1.6419177055358887
1.6963927745819092
1.6552355289459229
1.645780324935913
1.638502597808838
1.6552910804748535
1.6696603298187256
1.6701884269714355
1.6824259757995605
1.6501386165618896
1.6409027576446533
1.6634178161621094
1.6624512672424316
1.6462559700012207
1.6409375667572021
1.664658784866333
1.6440064907073975
1.679246425628662
1.6845893859863281
1.6943695545196533
1.6713409423828125
1.6561830043792725
1.699495553970337
1.6354870796203613
1.6681084632873535
1.6344108581542969
1.6311275959014893
1.6363916397094727
1.6490309238433838
1.654395341873169
1.6478326320648193
1.6694767475128174
1.6667976379394531
1.6483628749847412
1.6358642578125
1.6431190967559814
1.6727557182312012
1.655439853668213
1.6462810039520264
1.6842947006225586
1.6564531326293945
1.644779920578003
1.3336400985717773
1.663520336151123
1.656365156173706
1.6448516845703125
1.6396448612213135
1.641005277633667
1.648817777633667
1.6470000743865967
1.656118631362915
1.6807372570037842
1.6435012817382812
1.6528856754302979
1.6686205863952637
1.647240161895752
1.6678500175476074
1.6546721458435059
1.642174482345581
1.6578271389007568
1.662416934967041
1.652918815612793
1.638493537902832
1.642106056213379
1.6534178256988525
1.6386735439300537
1.6776654720306396
1.6643567085266113
1.655245065689087
1.6661314964294434
1.6632213592529297
1.6482768058776855
1.6566271781921387
1.657989263534546
1.6523864269256592
1.6571860313415527
1.6341702938079834
1.646440029144287
1.6801033020019531
1.6602156162261963
1.6564083099365234
1.6582403182983398
1.6599540710449219
1.6778311729431152
1.6585254669189453
1.6592473983764648
1.6537182331085205
1.6394262313842773
1.6341946125030518
1.6647579669952393
1.645071268081665
1.657588005065918
1.6556570529937744
1.6498644351959229
1.6505720615386963
1.652604103088379
1.640033483505249
1.6431858539581299
1.6429541110992432
1.6554529666900635
1.633579969406128
