2.9230072498321533
1.6841678619384766
1.6546661853790283
1.6916556358337402
1.6397078037261963
1.670710802078247
1.6553945541381836
1.6585869789123535
1.6523585319519043
1.6474602222442627
1.6592223644256592
1.6681909561157227
1.6861021518707275
1.669419765472412
1.6566071510314941
1.6551620960235596
1.6733613014221191
1.639204502105713
1.6692743301391602
1.6811516284942627
1.665057897567749
1.672546148300171
1.6623444557189941
1.653268814086914
1.6777141094207764
1.639448642730713
1.6435625553131104
1.6733620166778564
1.6943516731262207
1.959937572479248
1.6624829769134521
1.655447244644165
1.6592867374420166
1.6385126113891602
1.9642770290374756
1.6513495445251465
1.661949872970581
1.6656794548034668
1.6709234714508057
1.6907508373260498
1.6544713973999023
1.6885831356048584
1.7263641357421875
1.6521403789520264
1.671527624130249
1.6368539333343506
1.6652357578277588
1.6768033504486084
1.6994342803955078
1.6717851161956787
1.6505298614501953
1.65207839012146
1.6639864444732666
1.6467039585113525
1.6697678565979004
1.658778190612793
1.9442930221557617
1.6918857097625732
1.672163963317871
1.6639518737792969
1.6577036380767822
1.6615045070648193
1.6456646919250488
1.6595895290374756
1.656421422958374
1.6515593528747559
1.643763780593872
1.6904773712158203
1.6592869758605957
1.6755287647247314
1.6666834354400635
1.6564924716949463
1.6365461349487305
1.6797945499420166
1.689568042755127
1.6757378578186035
1.7084152698516846
1.6892530918121338
1.6531336307525635
1.9619557857513428
1.6731719970703125
1.6644666194915771
1.6567046642303467
1.6487479209899902
1.6613125801086426
1.662815809249878
1.6331074237823486
1.6735632419586182
1.6559858322143555
1.657987117767334
1.6582281589508057
1.6576941013336182
1.940922737121582
1.660154104232788
1.6737258434295654
1.6517364978790283
1.6825156211853027
1.6639866828918457
1.6425139904022217
1.6451330184936523
1.9783847332000732
1.6485216617584229
1.6583983898162842
1.6796696186065674
1.6550726890563965
1.6409637928009033
1.6562354564666748
1.6487994194030762
1.9589738845825195
1.6511623859405518
1.6560769081115723
1.655240535736084
1.6653218269348145
1.6734590530395508
1.6431121826171875
1.6757805347442627
1.6785829067230225
1.6495270729064941
1.97227144241333
1.6678035259246826
1.6549818515777588
1.6730220317840576
1.6550102233886719
1.694655418395996
1.6686649322509766
1.653085470199585
1.6710188388824463
1.6592390537261963
1.681481122970581
1.6639430522918701
1.6764166355133057
1.6530821323394775
1.6710014343261719
1.6652400493621826
1.654707670211792
1.640932559967041
1.9610366821289062
1.680494785308838
1.6453096866607666
1.6517412662506104
1.6384191513061523
1.6429457664489746
1.6483209133148193
1.6567602157592773
1.9752914905548096
1.688093662261963
1.6745176315307617
1.6989963054656982
1.6415860652923584
1.6551849842071533
1.6827750205993652
1.6722161769866943
1.652895450592041
1.6890861988067627
1.6771221160888672
1.6455655097961426
1.6696343421936035
1.6659929752349854
1.9495563507080078
1.672607183456421
1.664811134338379
1.6420624256134033
1.6572537422180176
1.6621289253234863
1.6719775199890137
1.6575310230255127
1.6571295261383057
1.6528832912445068
1.9656293392181396
1.632730484008789
1.686464548110962
1.6692726612091064
1.67564058303833
1.6634767055511475
1.966660499572754
1.6751019954681396
1.6632452011108398
1.6604032516479492
1.6407878398895264
1.645484447479248
1.9706645011901855
1.65944504737854
1.6452317237854004
1.6543223857879639
1.6826672554016113
1.661576509475708
1.6709363460540771
1.6800241470336914
1.668992519378662
1.6579644680023193
1.9776060581207275
1.6827406883239746
1.6544690132141113
1.6512887477874756
1.680976390838623
1.6641430854797363
1.6586565971374512
1.9963562488555908
1.7350621223449707
1.67167329788208
1.689514398574829
1.663750410079956
1.6701533794403076
1.669330358505249
1.6759564876556396
1.6535463333129883
1.6431307792663574
1.6635370254516602
1.640378475189209
1.648911476135254
1.9321098327636719
1.641493558883667
1.6840877532958984
1.665734052658081
1.6650922298431396
1.6751821041107178
1.9657366275787354
1.6664607524871826
1.6386334896087646
1.6417930126190186
1.643714427947998
1.6691710948944092
1.9938664436340332
1.6524646282196045
1.6469054222106934
1.670361042022705
1.6347041130065918
1.954582691192627
1.6447257995605469
1.6759905815124512
1.7123677730560303
1.6610803604125977
1.6864912509918213
1.6545584201812744
1.6721155643463135
1.6862261295318604
1.6628994941711426
1.6597864627838135
1.699493169784546
1.6786706447601318
1.7216389179229736
1.6633665561676025
1.6680753231048584
1.6497209072113037
1.7658498287200928
1.6717350482940674
1.645655870437622
1.6345460414886475
1.6491906642913818
1.6858320236206055
1.6725475788116455
1.670090675354004
1.9484927654266357
1.643625020980835
1.6778829097747803
1.6524686813354492
1.6508827209472656
1.6475598812103271
1.6502840518951416
1.966555118560791
1.6668367385864258
1.6776938438415527
1.658473253250122
1.649397373199463
1.6532437801361084
1.6466093063354492
1.6568894386291504
1.66933274269104
1.6733384132385254
1.6487343311309814
1.6277503967285156
1.6311619281768799
1.6328678131103516
1.6442008018493652
1.6446363925933838
1.6409399509429932
1.6298575401306152
1.9449572563171387
1.6361072063446045
1.6346523761749268
1.6304042339324951
1.6189477443695068
1.6283631324768066
1.635913610458374
1.6213390827178955
1.641066551208496
1.9301531314849854
1.629913568496704
1.6321163177490234
1.6407029628753662
1.6321401596069336
1.653378963470459
1.9301741123199463
1.632591724395752
1.3902020454406738
1.6312611103057861
1.6405415534973145
1.654496192932129
1.6274187564849854
1.6415221691131592
1.664367437362671
1.6401081085205078
1.6285765171051025
1.6339576244354248
1.6290326118469238
1.6261701583862305
1.6230378150939941
1.628525972366333
1.6362740993499756
1.9324145317077637
1.6360046863555908
1.628174066543579
1.6237037181854248
1.9290368556976318
1.629185438156128
1.6363766193389893
1.663553237915039
1.9521420001983643
1.6266837120056152
1.6257073879241943
1.637261152267456
1.6391198635101318
1.629777193069458
1.6340692043304443
1.934483528137207
1.6363298892974854
1.630615234375
1.6271202564239502
1.634761095046997
1.6296412944793701
1.628735065460205
1.6340785026550293
1.9395182132720947
1.630079984664917
1.6435432434082031
1.6400561332702637
1.3422958850860596
1.6986896991729736
1.6625795364379883
1.6756696701049805
1.6486079692840576
1.6670258045196533
1.6600964069366455
1.6380751132965088
1.6361312866210938
1.644054889678955
1.6466407775878906
1.6584217548370361
1.3682208061218262
1.3522562980651855
1.67234206199646
1.3554134368896484
1.3412506580352783
1.6369352340698242
1.3478963375091553
1.6551556587219238
1.345421552658081
1.3574974536895752
1.643911600112915
1.6434173583984375
1.6488885879516602
1.3353614807128906
1.6610877513885498
1.9536044597625732
1.6342554092407227
1.6532986164093018
1.6514372825622559
1.654022216796875
1.6549322605133057
1.6505651473999023
1.6448442935943604
1.3434083461761475
1.6569552421569824
1.3559401035308838
1.6429574489593506
1.9576501846313477
1.6672494411468506
1.6585183143615723
1.6414563655853271
1.6597802639007568
1.7062621116638184
1.6629080772399902
1.6460931301116943
1.6433331966400146
1.6364717483520508
1.6810715198516846
1.6429016590118408
1.651904821395874
1.9617063999176025
1.6461107730865479
1.6368286609649658
1.652143955230713
1.6617708206176758
1.6379814147949219
1.6524877548217773
1.649998426437378
1.6521728038787842
1.6646380424499512
1.6424524784088135
1.6733813285827637
1.6505341529846191
1.6607651710510254
1.6347053050994873
1.6283385753631592
1.6317930221557617
1.9358091354370117
1.6311328411102295
1.6273293495178223
1.6487557888031006
1.630887508392334
1.6414668560028076
1.6630644798278809
1.6477386951446533
1.640897274017334
1.6719393730163574
1.656475305557251
1.6758489608764648
1.6673195362091064
1.6731367111206055
1.6745731830596924
1.6719939708709717
1.6443202495574951
1.6334469318389893
1.644901990890503
1.638251781463623
1.9478943347930908
1.6669793128967285
1.6493995189666748
1.6347355842590332
1.663705587387085
1.6943297386169434
1.6718931198120117
1.6517391204833984
1.6831245422363281
1.6504147052764893
1.669743299484253
1.6755366325378418
1.6351842880249023
1.6508252620697021
1.6687297821044922
1.9805474281311035
1.6572973728179932
1.6724028587341309
1.6445271968841553
1.6643078327178955
1.6791095733642578
1.6774778366088867
1.6596956253051758
1.6639838218688965
1.6822471618652344
1.6386950016021729
1.6500682830810547
1.6826355457305908
1.6561250686645508
1.6732065677642822
1.654416561126709
1.6716928482055664
1.6449153423309326
1.6656970977783203
1.6550071239471436
1.6279356479644775
1.6877119541168213
1.647505760192871
1.6454768180847168
1.655642032623291
1.6756889820098877
1.6738736629486084
1.6883418560028076
1.6541755199432373
1.6611344814300537
1.6588466167449951
1.6409461498260498
1.643916368484497
1.6628906726837158
1.6398334503173828
1.6593563556671143
1.6526362895965576
1.6603748798370361
1.664778232574463
1.652376651763916
1.6511666774749756
1.6610300540924072
1.6500720977783203
1.6507501602172852
1.677032232284546
1.655592441558838
1.6557564735412598
1.6409025192260742
1.6800785064697266
1.663022756576538
1.6464273929595947
1.6711459159851074
1.677762746810913
1.6576006412506104
1.6295316219329834
1.6686038970947266
1.9551246166229248
1.6711177825927734
1.6676042079925537
1.6765639781951904
1.6503081321716309
1.6431162357330322
1.6636555194854736
1.9861679077148438
1.6491413116455078
1.715470552444458
1.6819334030151367
1.6514880657196045
1.672790765762329
1.6544697284698486
1.6684913635253906
1.674516201019287
1.6900122165679932
1.6643142700195312
1.6805248260498047
1.6717579364776611
1.6336240768432617
1.6678171157836914
1.6313555240631104
1.639937400817871
1.958268642425537
1.6970696449279785
1.6814782619476318
1.6764395236968994
1.6561064720153809
1.6574556827545166
1.6613247394561768
1.6527132987976074
1.6483466625213623
1.6680078506469727
1.6695823669433594
1.6681032180786133
1.626363754272461
1.9802396297454834
1.6908860206604004
1.64400053024292
1.6482863426208496
1.6880617141723633
1.6913740634918213
1.6793766021728516
1.6508569717407227
1.669445514678955
1.6570777893066406
1.669734239578247
1.9685566425323486
1.649949550628662
1.6895263195037842
1.6640114784240723
1.6475844383239746
1.6569879055023193
1.6644375324249268
1.6463117599487305
1.9475011825561523
1.6654338836669922
1.6536259651184082
1.6866397857666016
1.6802082061767578
1.6544225215911865
1.653576135635376
1.6613123416900635
1.7138750553131104
1.646986484527588
1.6646568775177002
1.6430249214172363
1.6498103141784668
1.6616990566253662
1.6410417556762695
1.657303810119629
1.6641359329223633
1.651327133178711
1.6724743843078613
1.6415390968322754
1.6757092475891113
1.6332314014434814
1.6718149185180664
1.6417896747589111
1.6594934463500977
1.646946907043457
1.6586298942565918
1.9504790306091309
1.350205898284912
1.6646029949188232
1.6349425315856934
1.6738977432250977
1.6837477684020996
1.6693427562713623
1.6719367504119873
1.6539654731750488
1.6643366813659668
1.6923625469207764
1.6491198539733887
1.6496813297271729
1.6497108936309814
1.6669249534606934
1.712395429611206
1.6399681568145752
1.6641302108764648
1.6480028629302979
1.9631445407867432
1.6549913883209229
1.6664249897003174
1.6420865058898926
1.6662898063659668
1.6537449359893799
1.6603422164916992
1.6593654155731201
1.6516220569610596
1.6807332038879395
1.6712415218353271
1.6553196907043457
1.644397258758545
1.6628363132476807
1.6655893325805664
1.6514954566955566
1.6402008533477783
1.656296968460083
1.6689934730529785
1.6501591205596924
1.6647741794586182
1.6730701923370361
1.6547787189483643
1.6357152462005615
1.650620937347412
1.6570041179656982
1.659316062927246
1.6521375179290771
1.653801679611206
1.6547472476959229
1.6415886878967285
1.9448261260986328
1.6680922508239746
1.6668179035186768
1.6754250526428223
1.6512508392333984
1.660238265991211
1.6442959308624268
1.6572871208190918
1.6548941135406494
1.6597654819488525
