3.3888862133026123
3.3887736797332764
3.4135725498199463
3.3779072761535645
1.8466670513153076
3.3702585697174072
3.345755100250244
1.3408021926879883
3.8890621662139893
3.3780715465545654
3.370953321456909
3.8782176971435547
3.3761003017425537
3.369218349456787
3.3396265506744385
3.9049465656280518
3.3650264739990234
3.3611598014831543
3.3721578121185303
1.8724350929260254
1.3145921230316162
3.385085344314575
3.8969147205352783
3.3805904388427734
3.3648455142974854
3.376770257949829
3.4161460399627686
3.8943138122558594
3.3662047386169434
3.364126682281494
3.361940860748291
3.8791773319244385
3.3725860118865967
3.3739161491394043
3.393159866333008
3.8627231121063232
3.4298508167266846
3.357198715209961
3.342945098876953
1.8524632453918457
3.379511833190918
1.3331396579742432
3.8744986057281494
3.3853909969329834
3.3827149868011475
3.375377893447876
3.358457565307617
3.8700368404388428
3.3593528270721436
3.3903231620788574
3.3816888332366943
3.3639461994171143
3.3423402309417725
1.8500640392303467
3.355297088623047
3.355964183807373
1.3298280239105225
3.394984006881714
3.8858015537261963
3.3544657230377197
3.356790542602539
3.3718464374542236
3.358703374862671
3.3543691635131836
3.864661931991577
3.3697073459625244
3.3370044231414795
1.850827693939209
3.3403444290161133
1.8412280082702637
3.3582370281219482
3.3521759510040283
3.3517258167266846
3.8530774116516113
3.360846996307373
3.3703622817993164
3.3451342582702637
3.8811354637145996
3.348869800567627
3.3705227375030518
3.3510560989379883
3.865402936935425
3.3465802669525146
3.3622653484344482
3.363157033920288
1.834150791168213
1.3201420307159424
3.3387577533721924
1.8249564170837402
1.3382384777069092
3.3894026279449463
1.8224601745605469
1.328883409500122
3.3579092025756836
3.8580620288848877
3.356593608856201
3.33840012550354
3.340365171432495
3.890810251235962
3.3398025035858154
3.3641507625579834
3.396038770675659
1.8339715003967285
1.3215196132659912
1.8392722606658936
3.342677354812622
1.3228118419647217
3.8483898639678955
3.369213342666626
3.384309768676758
3.403399705886841
3.8850715160369873
3.3552887439727783
3.3414876461029053
3.349095106124878
3.885829210281372
3.360004186630249
3.3572375774383545
3.851032018661499
3.3546946048736572
3.338642120361328
1.8314733505249023
3.375922203063965
1.3475549221038818
1.8528850078582764
3.3536152839660645
1.3289189338684082
3.3416483402252197
2.262075662612915
2.844423770904541
3.3554375171661377
1.8429515361785889
3.3710527420043945
3.3807008266448975
3.3670153617858887
1.8407080173492432
1.329385757446289
3.352415084838867
1.8738086223602295
1.3265132904052734
3.378598928451538
3.368384838104248
1.8628177642822266
3.3609509468078613
1.3318657875061035
3.852375030517578
3.3647713661193848
3.3499412536621094
3.367635488510132
1.8381993770599365
3.3715245723724365
1.3414084911346436
1.8357079029083252
3.365553617477417
1.3325467109680176
1.8348968029022217
3.370253324508667
1.3392789363861084
3.8726232051849365
3.4302873611450195
3.363187074661255
3.3741722106933594
3.865692377090454
3.377373456954956
3.355356216430664
3.366655111312866
5.4288458824157715
1.8409993648529053
3.3809494972229004
3.361755609512329
3.8698959350585938
3.355790138244629
3.40897798538208
1.8565421104431152
3.3580398559570312
3.368741035461426
1.8318712711334229
3.3667538166046143
3.3938052654266357
3.4215455055236816
3.903308629989624
3.3659110069274902
3.3585245609283447
3.3776159286499023
3.3972153663635254
1.8534972667694092
3.3869235515594482
1.3172929286956787
3.8823964595794678
3.3654234409332275
3.394476890563965
3.355332612991333
1.8415789604187012
3.3843419551849365
1.3320610523223877
3.919271230697632
3.346328020095825
3.360621213912964
3.3812413215637207
3.923370361328125
3.3872876167297363
3.4003169536590576
3.4071736335754395
3.376727342605591
1.868875503540039
1.3317115306854248
1.3247385025024414
1.8336167335510254
3.395092725753784
1.3391718864440918
1.8416802883148193
3.3803040981292725
3.422163248062134
3.39050030708313
3.402146816253662
1.8733470439910889
1.3156461715698242
3.3689558506011963
3.881897211074829
3.3767731189727783
3.365424633026123
3.4478626251220703
3.3456993103027344
1.8260002136230469
3.343890428543091
1.847231149673462
3.4055533409118652
3.4390666484832764
3.359245538711548
3.868720769882202
3.4162192344665527
3.3792452812194824
3.378160238265991
3.3599460124969482
1.8457517623901367
3.375436305999756
1.3463637828826904
3.8657681941986084
3.3733737468719482
3.3810806274414062
3.386394500732422
3.8628101348876953
3.3673243522644043
3.340027332305908
3.3632545471191406
1.841841459274292
3.394507646560669
1.331165075302124
3.904010772705078
3.3696746826171875
3.3659770488739014
1.3351631164550781
1.8635013103485107
3.373863697052002
3.3439383506774902
3.340625286102295
3.8656182289123535
3.347771644592285
3.369965076446533
3.3719189167022705
3.3708016872406006
3.3555567264556885
3.3391098976135254
3.3379437923431396
1.8255538940429688
1.3244035243988037
5.37662410736084
1.837653636932373
3.3592991828918457
3.384397268295288
3.8472959995269775
3.375239849090576
3.3645291328430176
3.3408846855163574
1.8436675071716309
5.371754169464111
3.3468806743621826
3.356637477874756
3.8490350246429443
3.3574559688568115
3.3343000411987305
3.3356876373291016
1.826004981994629
3.3726840019226074
1.3339250087738037
3.878054141998291
3.369370222091675
3.346132278442383
1.3295738697052002
1.8601298332214355
3.3548707962036133
3.363961696624756
3.371896266937256
3.3872222900390625
1.8243992328643799
3.3413219451904297
1.3283696174621582
3.8499693870544434
3.350435256958008
3.369824171066284
3.336672306060791
3.860135793685913
3.3770289421081543
3.3558051586151123
3.858189821243286
3.3463735580444336
3.333484172821045
1.3167102336883545
3.844076633453369
3.376850128173828
3.361764669418335
1.828202724456787
3.3386831283569336
3.3368477821350098
3.3448286056518555
1.8543989658355713
1.3208363056182861
3.342424154281616
3.8445918560028076
3.340456485748291
3.365644693374634
1.8200008869171143
3.3696234226226807
1.3306405544281006
3.3443922996520996
1.8342382907867432
1.333979845046997
3.345473051071167
1.8340189456939697
1.3265633583068848
3.3538410663604736
3.887638807296753
3.3675899505615234
3.3602347373962402
3.357689619064331
3.845319986343384
3.350442409515381
3.346592426300049
1.8240296840667725
5.383744239807129
3.386201858520508
3.3456897735595703
1.8263120651245117
5.386322498321533
3.3309950828552246
3.34475040435791
3.8390233516693115
3.3555569648742676
3.3716259002685547
1.8298957347869873
3.3727633953094482
3.3332486152648926
1.3345575332641602
3.84251070022583
3.351365566253662
3.3461103439331055
3.3490941524505615
1.8211607933044434
3.349134922027588
1.8197276592254639
3.359927177429199
3.3632869720458984
3.371394395828247
3.340151786804199
1.8223090171813965
3.3434035778045654
1.8245370388031006
3.3533923625946045
3.3592069149017334
3.8449389934539795
3.3407294750213623
3.3499879837036133
3.346017360687256
1.8271586894989014
3.346656322479248
1.322227954864502
3.883636951446533
3.3348312377929688
3.369044065475464
3.344622850418091
3.8681836128234863
3.3593034744262695
3.3362176418304443
1.8224332332611084
1.3187010288238525
3.3486316204071045
3.8432180881500244
3.347968339920044
3.3578217029571533
3.352940082550049
1.8397529125213623
1.319998025894165
3.341975688934326
3.8502390384674072
3.3439128398895264
3.3353312015533447
1.8330821990966797
3.344592571258545
1.3303325176239014
3.8458659648895264
3.3522698879241943
3.3535232543945312
3.369675636291504
1.832042932510376
3.3503684997558594
1.3141281604766846
3.8484508991241455
3.3568146228790283
3.357816696166992
3.355180501937866
3.874507427215576
3.338113307952881
3.3767457008361816
3.361114263534546
1.8307125568389893
3.381010055541992
1.8219811916351318
3.3559165000915527
3.351064920425415
3.3789408206939697
1.8210902214050293
3.3437860012054443
5.393035173416138
3.347788095474243
3.872817277908325
3.3482422828674316
3.357574224472046
1.8254976272583008
5.367429494857788
3.3563761711120605
3.866863965988159
3.3451197147369385
3.3468005657196045
3.854105234146118
3.3509583473205566
3.337975263595581
3.3594393730163574
3.849296808242798
3.3604841232299805
3.3392651081085205
3.8593578338623047
3.349555253982544
3.351179599761963
3.332930326461792
1.861973524093628
1.3247311115264893
3.338568687438965
1.847181797027588
1.3333370685577393
3.3565833568573
1.8353326320648193
1.3279225826263428
3.3563039302825928
1.824873447418213
3.343878984451294
3.367690324783325
1.3968522548675537
3.333869457244873
3.848188638687134
3.351985216140747
3.354132652282715
3.3409359455108643
1.8307747840881348
1.3223259449005127
3.3442699909210205
3.843130111694336
3.3527095317840576
1.8254995346069336
3.347107172012329
3.3733222484588623
1.8241627216339111
3.3652150630950928
3.3462443351745605
3.3453989028930664
1.8464837074279785
1.3146350383758545
3.3407528400421143
3.8468031883239746
3.354442596435547
3.3518030643463135
3.3463170528411865
1.824275255203247
1.3204801082611084
3.3462982177734375
3.865041971206665
3.3438618183135986
3.346324920654297
3.868248224258423
3.3372554779052734
3.3605804443359375
3.3487935066223145
3.847459316253662
3.342834234237671
3.348337411880493
1.822983980178833
3.339998245239258
5.368340253829956
3.8494722843170166
3.3519864082336426
3.3374011516571045
3.345979928970337
3.848824977874756
3.3547136783599854
3.8481781482696533
3.3423571586608887
3.3854544162750244
3.3337979316711426
3.8846120834350586
3.353199005126953
3.364250898361206
3.3452506065368652
1.8511126041412354
3.3484764099121094
1.3212692737579346
3.849522113800049
3.3507275581359863
3.3418338298797607
3.8555281162261963
3.3559141159057617
3.3572957515716553
3.8650033473968506
3.3720600605010986
3.373735189437866
3.363492488861084
1.838289737701416
3.358807325363159
1.3175764083862305
3.878833770751953
3.3380916118621826
3.354076385498047
1.3174786567687988
1.8198697566986084
3.3717050552368164
3.3687899112701416
1.825782299041748
3.3466782569885254
1.323732614517212
1.823091983795166
3.369319438934326
1.3217439651489258
1.8202478885650635
3.349959135055542
1.320756435394287
3.858557939529419
3.3630478382110596
3.351311445236206
3.859201431274414
3.3423213958740234
3.349951982498169
3.3436989784240723
1.822833776473999
1.3188929557800293
3.3458850383758545
3.8675618171691895
3.367335557937622
3.35176420211792
3.8630638122558594
3.3492867946624756
3.342381238937378
1.8317103385925293
1.3225631713867188
3.363363742828369
3.857754707336426
3.3397586345672607
3.3597195148468018
3.3439695835113525
3.856745481491089
3.3571786880493164
3.4572601318359375
3.35691499710083
1.824526309967041
3.3788387775421143
5.360870838165283
3.362715244293213
1.8333473205566406
3.3495078086853027
3.3518693447113037
1.8258545398712158
5.407373428344727
1.332719326019287
3.3576080799102783
3.86272931098938
3.3556301593780518
3.3593952655792236
3.3476805686950684
3.856153726577759
3.3477888107299805
3.340893030166626
3.3598790168762207
1.8230280876159668
1.363283395767212
3.84726881980896
3.403247833251953
3.3474783897399902
1.3234126567840576
1.8211615085601807
3.3463985919952393
3.349674701690674
3.874896287918091
3.3954522609710693
3.342639923095703
3.3575425148010254
3.8534128665924072
3.3483338356018066
3.3643879890441895
1.8223762512207031
3.3461496829986572
3.3431129455566406
1.3192024230957031
1.823333978652954
3.36596941947937
1.3231220245361328
3.860349178314209
3.349304437637329
3.3605494499206543
3.850253105163574
3.347979784011841
3.362135171890259
1.3211719989776611
3.8406078815460205
1.3209373950958252
3.3499257564544678
3.8589956760406494
3.353525400161743
3.357020616531372
3.345843553543091
1.8328063488006592
1.3182361125946045
3.3420772552490234
1.8703954219818115
1.3171751499176025
3.3649094104766846
1.8772950172424316
3.3786351680755615
3.3393311500549316
1.8258717060089111
3.3437700271606445
3.3513712882995605
3.3608248233795166
