3.375370502471924
3.3943564891815186
3.3585596084594727
3.3665432929992676
1.842907190322876
3.3350894451141357
3.348292827606201
1.356410264968872
3.8551199436187744
3.363330125808716
3.349721908569336
3.3542263507843018
3.363395929336548
3.3736119270324707
1.3261058330535889
3.9062535762786865
3.369202136993408
3.3454766273498535
1.3511128425598145
1.8294930458068848
1.3260722160339355
1.32667875289917
1.8377437591552734
3.3818507194519043
3.36401629447937
3.3907346725463867
3.3789267539978027
3.404404878616333
3.3694064617156982
3.3681883811950684
1.3256182670593262
1.845217227935791
3.3709070682525635
3.3717195987701416
1.348909616470337
1.850264549255371
3.4282073974609375
3.373610019683838
1.3209724426269531
1.834656000137329
3.359938383102417
1.3348608016967773
3.3811416625976562
3.386281728744507
3.366209030151367
3.3838913440704346
1.8353893756866455
1.8477716445922852
3.3469228744506836
3.3653295040130615
3.360947847366333
3.375455379486084
3.3486735820770264
1.8428561687469482
3.3726634979248047
3.3570706844329834
1.3340184688568115
1.325756549835205
1.834700345993042
3.339998483657837
3.3534634113311768
3.3634934425354004
1.3166694641113281
1.8288438320159912
1.8315274715423584
3.3709359169006348
1.8326268196105957
1.8333861827850342
3.3496015071868896
1.325495719909668
3.348114490509033
3.3831136226654053
1.3328759670257568
1.8245329856872559
3.355740785598755
1.3232762813568115
1.32476806640625
1.83384370803833
3.356645345687866
3.3611297607421875
1.3159284591674805
1.8683366775512695
3.342740058898926
3.3721301555633545
1.3237919807434082
1.823106288909912
1.3270127773284912
1.8285610675811768
1.8296177387237549
1.3291454315185547
1.3258531093597412
1.8273863792419434
1.3227148056030273
1.3220593929290771
1.3228437900543213
3.361489772796631
3.3546900749206543
1.333024024963379
1.8391644954681396
3.3560268878936768
3.349179983139038
1.8320670127868652
1.8278579711914062
1.3199760913848877
1.331791639328003
3.3656387329101562
1.3182852268218994
3.353693723678589
3.350212574005127
3.349644899368286
1.3416812419891357
1.8612821102142334
3.3392465114593506
3.3364784717559814
1.3216660022735596
1.8247852325439453
3.3617167472839355
3.3563153743743896
3.3431954383850098
3.3456599712371826
3.347579002380371
1.3419628143310547
3.3381829261779785
1.3219377994537354
1.3384425640106201
3.346198797225952
1.3358182907104492
1.8346025943756104
2.093693494796753
2.836216926574707
3.3743088245391846
1.848137378692627
3.354562759399414
3.3818962574005127
1.853933334350586
1.8396050930023193
1.327063798904419
1.3290181159973145
1.875267505645752
1.320993185043335
3.352843999862671
1.8442578315734863
1.8364627361297607
3.3527109622955322
1.321640968322754
1.8379366397857666
3.3548483848571777
3.3623368740081787
1.8195524215698242
1.8339533805847168
3.370326519012451
1.3145644664764404
1.832756757736206
3.3496463298797607
1.331756353378296
1.8321754932403564
3.344167947769165
1.3293204307556152
1.830899953842163
3.4317617416381836
3.3445472717285156
1.3252179622650146
1.830742597579956
3.343853712081909
3.3442907333374023
1.856682538986206
1.8496110439300537
1.8463866710662842
3.369652032852173
1.3326244354248047
1.822899341583252
3.364396810531616
3.394749641418457
1.8316888809204102
1.3211123943328857
3.3574538230895996
1.3426482677459717
3.3548707962036133
3.3821213245391846
1.3269786834716797
1.8320786952972412
3.3758811950683594
3.3569529056549072
1.3234429359436035
1.8344311714172363
1.8496553897857666
3.367065906524658
1.3165979385375977
1.8448588848114014
3.362210512161255
3.3605637550354004
1.34519362449646
1.8553292751312256
3.3861470222473145
1.3294086456298828
1.8601865768432617
3.3715009689331055
3.35799503326416
3.3805980682373047
1.8527131080627441
3.365051031112671
3.3821074962615967
3.412095069885254
1.8257126808166504
1.8750169277191162
1.3247549533843994
1.3275742530822754
1.8496415615081787
3.4042599201202393
1.3372766971588135
1.8222920894622803
3.376654863357544
3.4180569648742676
3.4295196533203125
1.8454439640045166
1.85347318649292
1.329911470413208
3.367013931274414
1.837254524230957
3.3830909729003906
3.384871482849121
1.8553743362426758
3.3817763328552246
1.8304171562194824
3.379859447479248
1.3298978805541992
3.372637987136841
3.4229016304016113
3.351736307144165
3.3951919078826904
3.4148175716400146
3.396348237991333
3.3641834259033203
1.8334012031555176
1.8467504978179932
3.373638868331909
1.3364672660827637
1.8345844745635986
3.362093925476074
3.3748295307159424
1.3493595123291016
1.8344330787658691
3.3654227256774902
3.373425006866455
1.3274962902069092
1.8298869132995605
3.3594870567321777
1.3423759937286377
1.8208363056182861
3.37363862991333
3.354492425918579
1.326831579208374
1.8298547267913818
3.3485183715820312
3.343966007232666
3.357884407043457
1.8483266830444336
3.3398489952087402
3.365605115890503
3.3593742847442627
3.348642587661743
3.3510148525238037
3.3446013927459717
1.826115608215332
1.836345911026001
1.3221912384033203
3.365108013153076
1.8354029655456543
3.3588669300079346
3.3977582454681396
1.8240995407104492
3.3625640869140625
3.352323055267334
3.3508100509643555
1.8191800117492676
3.3429813385009766
3.3482561111450195
3.352712392807007
1.821249008178711
3.3461413383483887
3.339099884033203
3.3405323028564453
1.8309941291809082
3.338482618331909
1.3173389434814453
1.82723069190979
3.3518760204315186
3.3505828380584717
1.3221828937530518
1.861198902130127
3.357614040374756
3.335970163345337
1.3232097625732422
1.8285315036773682
1.820390224456787
3.3451082706451416
1.3229520320892334
1.8197667598724365
3.344249963760376
3.365088701248169
1.3163163661956787
1.8254292011260986
3.347154140472412
3.3552045822143555
3.377352714538574
3.344285488128662
3.347663640975952
1.3187472820281982
1.8284258842468262
1.3218028545379639
3.3811464309692383
1.322115182876587
3.337095022201538
3.3465652465820312
1.3190228939056396
1.828160047531128
1.3156936168670654
1.3171942234039307
1.8539211750030518
3.3504557609558105
3.3504462242126465
1.317392349243164
3.3649284839630127
1.3208050727844238
1.8260231018066406
1.826197862625122
1.3272264003753662
1.3198692798614502
1.8304946422576904
1.328906536102295
1.3338639736175537
1.8524341583251953
3.3595523834228516
3.354149341583252
1.822127103805542
3.8572990894317627
3.3392484188079834
3.3354427814483643
1.3174211978912354
3.357351303100586
3.340914249420166
3.334256649017334
1.336277961730957
3.358008861541748
3.3460347652435303
3.3488593101501465
1.8246912956237793
3.3438050746917725
3.338336944580078
1.8337106704711914
3.358600616455078
3.352914333343506
1.3332598209381104
3.850001811981201
3.3381741046905518
3.348773717880249
1.3319885730743408
1.8283772468566895
3.3562235832214355
1.8220958709716797
3.3580691814422607
3.342514991760254
3.3459744453430176
1.8303337097167969
1.8320248126983643
3.338644504547119
1.338165283203125
3.3391659259796143
3.348207950592041
1.839622974395752
3.3404273986816406
3.360461711883545
3.3712644577026367
1.822209358215332
3.334956169128418
1.3244924545288086
1.82493257522583
3.33925724029541
3.350715398788452
1.321152925491333
1.8349008560180664
3.363790512084961
3.361515998840332
1.3255693912506104
1.3163197040557861
1.3286075592041016
1.8401498794555664
3.357010841369629
3.346306562423706
1.3169217109680176
1.8489904403686523
1.3361895084381104
1.8214478492736816
1.8216371536254883
3.3593077659606934
1.321765661239624
1.8268752098083496
3.3349554538726807
1.3220250606536865
1.8277556896209717
3.3490512371063232
3.344620943069458
1.3493461608886719
1.8319287300109863
3.359502077102661
1.3165161609649658
1.8271660804748535
3.3738720417022705
3.3455417156219482
1.8375422954559326
1.8314919471740723
3.344663143157959
3.362309694290161
1.8316540718078613
1.8324174880981445
3.3611226081848145
1.3200719356536865
3.3470890522003174
3.350372552871704
3.372011661529541
1.8258380889892578
3.331873893737793
3.3479297161102295
1.321115493774414
1.8407893180847168
3.355604887008667
1.3321707248687744
1.8286488056182861
3.3383593559265137
1.3188483715057373
1.8335587978363037
3.335641622543335
3.3396830558776855
1.3249197006225586
3.344189167022705
3.348781108856201
3.3473434448242188
1.83567214012146
3.3526742458343506
3.343268632888794
1.8333349227905273
3.3510067462921143
3.3374757766723633
1.8265910148620605
1.8372972011566162
1.337709903717041
1.3236289024353027
1.8246338367462158
1.3261277675628662
1.319298267364502
1.8254952430725098
1.3204352855682373
1.3179419040679932
1.8191628456115723
3.3387584686279297
3.345846176147461
1.3924508094787598
1.8503646850585938
1.8188128471374512
3.339677572250366
3.3375608921051025
1.8245534896850586
1.8328843116760254
1.3202500343322754
1.3445560932159424
1.832582950592041
3.3533670902252197
1.3316566944122314
3.353485345840454
3.3529934883117676
1.3208861351013184
3.3374717235565186
3.351698398590088
1.3323094844818115
1.8342888355255127
1.3241395950317383
3.361898183822632
1.8221497535705566
3.3438498973846436
3.344813823699951
3.3326478004455566
1.8406121730804443
1.3259618282318115
1.3187694549560547
3.4038071632385254
3.359003782272339
3.350980758666992
3.3454842567443848
3.3319523334503174
3.3345704078674316
3.345531702041626
1.8252251148223877
3.3467583656311035
3.364881992340088
1.3203320503234863
3.3388569355010986
3.355118751525879
1.3235416412353516
3.33817195892334
3.3294663429260254
1.3248279094696045
1.8184270858764648
3.336975336074829
1.3301441669464111
3.347630739212036
3.340437889099121
3.3388097286224365
1.824336290359497
3.3573951721191406
3.3506388664245605
1.3189916610717773
1.8232874870300293
3.333484172821045
1.3229880332946777
1.833099126815796
3.3480842113494873
1.3231611251831055
1.8243377208709717
3.3610291481018066
1.3218293190002441
1.830188274383545
3.347738027572632
3.3525173664093018
3.34899640083313
1.8283920288085938
3.3518567085266113
1.3257715702056885
1.83689546585083
3.3539533615112305
3.356224536895752
1.323531150817871
1.8197784423828125
3.369706630706787
1.8245429992675781
1.8370850086212158
3.3354439735412598
1.3257911205291748
1.8243718147277832
3.3492491245269775
1.3199448585510254
1.8267948627471924
3.354099988937378
1.3199453353881836
1.8192617893218994
3.3726541996002197
3.3679563999176025
3.347954034805298
3.3483517169952393
3.338759660720825
1.3166940212249756
1.822678565979004
1.3337697982788086
1.8235769271850586
3.8696601390838623
3.3496201038360596
1.321603536605835
3.8833398818969727
3.3414533138275146
1.3270938396453857
1.8297207355499268
1.314373254776001
1.3264720439910889
1.8274970054626465
3.357090950012207
3.370897054672241
1.3394746780395508
1.8364510536193848
3.339608907699585
3.4691998958587646
3.3659844398498535
1.8248896598815918
1.3459117412567139
5.366512060165405
3.3601691722869873
1.8180243968963623
1.3205773830413818
3.3520009517669678
1.331254005432129
3.333171844482422
1.3257567882537842
1.3220710754394531
1.8297617435455322
3.355534076690674
3.3431596755981445
1.3141100406646729
1.828479528427124
3.341346025466919
3.3456733226776123
1.8307056427001953
1.8271174430847168
1.3192639350891113
1.322011947631836
3.4111664295196533
3.337428092956543
1.327770709991455
1.8237624168395996
3.350776195526123
3.3447141647338867
1.8401622772216797
3.340535879135132
3.3597047328948975
3.361508369445801
1.821605920791626
3.3449947834014893
3.339034080505371
1.3145458698272705
1.325669765472412
3.3374435901641846
1.3217005729675293
1.8237781524658203
3.3455886840820312
1.3211824893951416
1.8245258331298828
3.3405356407165527
3.3444292545318604
1.8298203945159912
3.3305461406707764
3.3564841747283936
1.3192083835601807
1.8307206630706787
1.3169772624969482
1.3142414093017578
1.8299856185913086
3.351008892059326
3.3388562202453613
1.3215487003326416
1.8304858207702637
1.3221609592437744
1.320862054824829
1.826112985610962
1.3153996467590332
1.3196361064910889
1.8266301155090332
1.318436622619629
3.3364171981811523
1.3260424137115479
3.3456592559814453
3.349531650543213
1.8268849849700928
