3.3819732666015625
3.3657310009002686
3.418470621109009
3.355313539505005
1.8535184860229492
3.3786630630493164
3.337813138961792
1.3530092239379883
3.8734195232391357
3.408837080001831
3.375828742980957
3.3541386127471924
3.3687353134155273
3.38909912109375
1.32493257522583
3.8988261222839355
3.3917605876922607
3.368569850921631
1.3393394947052002
1.8551018238067627
1.314805507659912
1.3301544189453125
3.8722445964813232
3.369926929473877
3.3636269569396973
3.3705508708953857
3.426370620727539
3.9136099815368652
3.3640387058258057
3.366413116455078
3.3731319904327393
1.8568785190582275
3.365222215652466
3.3737635612487793
1.3462920188903809
1.8452568054199219
3.4283058643341064
3.368421792984009
3.3472089767456055
1.849963665008545
3.361851930618286
1.3330554962158203
3.3913469314575195
3.40455961227417
3.385021686553955
3.3914387226104736
1.8248937129974365
1.8529400825500488
3.35990834236145
3.3878400325775146
3.3717939853668213
3.3448433876037598
3.345937967300415
1.8429639339447021
3.3725194931030273
3.357581615447998
1.3284504413604736
1.3293180465698242
1.828709602355957
3.3503081798553467
3.356304168701172
3.3755667209625244
3.3498926162719727
1.8239936828613281
1.8370599746704102
3.351090908050537
1.8306291103363037
1.8518109321594238
3.3400325775146484
1.324660301208496
3.376713514328003
3.359025001525879
1.3212475776672363
1.8410918712615967
3.344498634338379
3.358691453933716
3.348799228668213
1.827601432800293
3.3452794551849365
3.3694419860839844
1.3194169998168945
3.4022538661956787
3.33676815032959
3.3643271923065186
1.8236045837402344
1.8382465839385986
1.3338954448699951
3.34397292137146
1.8226511478424072
1.3347718715667725
3.3674216270446777
1.833031177520752
1.3262429237365723
1.318192720413208
1.8400261402130127
3.352076768875122
3.3433940410614014
1.8437495231628418
3.8871166706085205
3.351717948913574
3.3703203201293945
3.4122700691223145
1.8389320373535156
1.3237309455871582
1.3300917148590088
3.3475840091705322
1.3252770900726318
3.3626973628997803
3.364337682723999
3.36493182182312
3.3574001789093018
1.8402066230773926
3.3661949634552
3.355088472366333
3.3707592487335205
3.8856985569000244
3.367119312286377
3.3576879501342773
3.853053331375122
3.356003522872925
3.3474996089935303
1.3434627056121826
3.3412187099456787
1.347292423248291
1.3303008079528809
3.350205183029175
1.3288869857788086
3.336820602416992
2.086656332015991
2.840384006500244
3.34757137298584
1.841797113418579
3.348475217819214
3.3905797004699707
1.8418753147125244
1.837073802947998
1.3260159492492676
1.322899580001831
1.873265266418457
1.3219664096832275
3.3946566581726074
1.8474209308624268
1.8596875667572021
3.392716646194458
1.3203098773956299
1.832533836364746
3.378079414367676
3.3608038425445557
1.8231422901153564
1.835108995437622
3.3717424869537354
1.3377609252929688
1.840733289718628
3.375941038131714
1.328935146331787
1.840670108795166
3.3581502437591553
1.319354772567749
1.823387861251831
3.4347903728485107
3.33681321144104
1.3233120441436768
3.87471079826355
3.3678812980651855
3.3457369804382324
1.829124927520752
1.849924087524414
1.8332881927490234
3.3747997283935547
3.3462917804718018
1.8227653503417969
3.3526430130004883
3.4039721488952637
1.8473942279815674
1.3477234840393066
3.3638696670532227
1.8387763500213623
3.3686254024505615
3.3780994415283203
3.4031081199645996
1.8225078582763672
3.3711423873901367
3.372122049331665
3.381763458251953
1.8596553802490234
1.8577136993408203
3.3830645084381104
1.319439172744751
3.8812296390533447
3.3624672889709473
3.360509157180786
1.843141794204712
1.869577169418335
3.3683156967163086
1.3339688777923584
1.8572752475738525
3.351968765258789
3.371241331100464
3.3779382705688477
1.8303887844085693
3.391831636428833
3.4001786708831787
3.40041446685791
1.832322597503662
1.8727478981018066
1.3260295391082764
1.3256051540374756
1.839167833328247
3.3917534351348877
1.3440196514129639
1.841273307800293
3.379408597946167
3.4286751747131348
3.4328036308288574
3.383955240249634
1.8547725677490234
1.3332240581512451
3.3797237873077393
3.883923292160034
3.378662586212158
3.360267162322998
3.447580575942993
3.3522143363952637
1.836364507675171
3.3633408546447754
1.343254566192627
3.3620946407318115
3.4324288368225098
3.3530216217041016
3.8798112869262695
3.4134819507598877
3.3910863399505615
3.383314609527588
3.3733010292053223
1.8306281566619873
3.3931691646575928
1.3287229537963867
1.8361740112304688
3.3409535884857178
3.3951871395111084
3.3769891262054443
3.402024745941162
3.3694136142730713
3.3614718914031982
3.3609538078308105
1.836834192276001
3.366346597671509
1.34053373336792
1.8271310329437256
3.3597278594970703
3.372999429702759
1.3238236904144287
1.8535785675048828
3.348339319229126
3.3456368446350098
3.3571927547454834
3.8494229316711426
3.3475167751312256
3.3677785396575928
3.3419582843780518
3.333343505859375
3.364042282104492
3.3447160720825195
1.823099136352539
1.8404157161712646
1.338728666305542
3.3520667552948
1.8567614555358887
3.3494534492492676
3.3771684169769287
1.818556785583496
3.352304458618164
3.364215850830078
3.3439698219299316
1.8362977504730225
3.3601877689361572
3.3482539653778076
3.359783411026001
3.357529878616333
3.363250732421875
3.342557668685913
3.3453824520111084
1.8209714889526367
3.3501312732696533
1.3165538311004639
1.8497450351715088
3.337495803833008
3.348083257675171
1.326584815979004
1.8355810642242432
3.3622281551361084
3.351900577545166
1.3239061832427979
1.8372182846069336
1.823317050933838
3.343092918395996
1.3156406879425049
3.8415110111236572
3.3624637126922607
3.358585834503174
3.3510658740997314
3.858881950378418
3.3776793479919434
3.3524160385131836
3.3815133571624756
3.3505520820617676
3.3458967208862305
1.3167519569396973
1.826667070388794
3.3733091354370117
3.388418674468994
1.3325788974761963
3.331691265106201
3.344618558883667
1.315352201461792
1.8296141624450684
1.318845510482788
1.3221569061279297
1.8477423191070557
3.337841749191284
3.3555080890655518
1.8220131397247314
3.352632761001587
1.3303053379058838
3.3466243743896484
1.82448148727417
1.3390741348266602
1.3232917785644531
1.8339972496032715
1.3289506435394287
1.3237714767456055
1.8770437240600586
3.3546385765075684
3.347102642059326
3.3510501384735107
3.8521053791046143
3.3526082038879395
3.334285020828247
1.3200173377990723
3.3634471893310547
3.392204999923706
3.3388829231262207
1.3223516941070557
5.362358808517456
3.3323888778686523
3.350468158721924
1.8235692977905273
3.3617191314697266
3.3483195304870605
1.8227782249450684
3.3557376861572266
3.3493785858154297
1.335160255432129
3.8437113761901855
3.3498058319091797
3.3492934703826904
1.8217854499816895
1.8309004306793213
3.3517632484436035
1.8187496662139893
3.3787472248077393
3.3622915744781494
3.375231981277466
1.8201682567596436
1.8283491134643555
3.3376195430755615
1.3346827030181885
3.352996587753296
3.342510461807251
3.3532915115356445
3.351177453994751
3.357654094696045
3.340904951095581
1.819908618927002
3.3383734226226807
1.3275859355926514
1.8485534191131592
3.3299171924591064
3.3589186668395996
3.3572518825531006
1.823291301727295
3.370694160461426
3.354217052459717
1.3326902389526367
1.3133201599121094
3.3416855335235596
3.850511312484741
3.3508448600769043
3.350346088409424
1.3247191905975342
1.8370139598846436
1.3339407444000244
3.3472347259521484
1.8402831554412842
3.3509483337402344
3.3484551906585693
1.8352291584014893
3.345907688140869
1.3153388500213623
3.839019536972046
3.3519270420074463
3.3423454761505127
3.3631575107574463
1.8307664394378662
3.351734161376953
1.3175048828125
1.8245294094085693
3.3465917110443115
3.3644139766693115
3.365083932876587
3.87343692779541
3.343374013900757
3.3611369132995605
3.3409852981567383
1.8363115787506104
3.3730545043945312
1.827298641204834
3.345066785812378
3.3538246154785156
3.3608319759368896
1.8189826011657715
3.346111536026001
3.3426477909088135
1.8255281448364258
1.8410000801086426
3.3486709594726562
3.3547616004943848
1.8277544975280762
3.336350202560425
3.348223924636841
3.8602588176727295
3.3406291007995605
3.3536722660064697
1.8226444721221924
3.341118574142456
3.3415122032165527
3.345726490020752
3.3367679119110107
3.3429973125457764
3.3439781665802
3.3437693119049072
3.349090337753296
3.3477935791015625
3.3449079990386963
1.8315608501434326
1.3190608024597168
1.3188230991363525
1.8462226390838623
1.3267083168029785
1.3344309329986572
1.8409631252288818
1.3235008716583252
1.3217577934265137
1.8173248767852783
3.346338987350464
3.3434131145477295
1.3831582069396973
3.34070086479187
1.8248450756072998
3.3439972400665283
3.3539276123046875
3.336702585220337
1.8248441219329834
1.3159713745117188
1.3324906826019287
1.825749158859253
3.352811336517334
1.3395183086395264
3.3576786518096924
3.3808202743530273
1.3211655616760254
3.354135751724243
3.3442471027374268
3.338014841079712
1.8267498016357422
1.3196618556976318
3.363126754760742
1.8264801502227783
3.354316473007202
3.34628963470459
3.339540719985962
1.8273894786834717
1.314469337463379
3.3353378772735596
3.8603975772857666
3.3379268646240234
3.3459203243255615
3.3602135181427
3.333672046661377
3.3424160480499268
3.3492510318756104
3.351212978363037
3.344611644744873
3.3665966987609863
1.3241140842437744
3.3515121936798096
3.3501081466674805
3.3397700786590576
3.3373682498931885
3.3393361568450928
3.341276168823242
1.8296935558319092
3.3372387886047363
1.316230058670044
3.3385002613067627
3.3792333602905273
3.3356974124908447
1.8355705738067627
3.3502018451690674
3.366102695465088
1.3274524211883545
1.857903003692627
3.335111379623413
1.3201265335083008
1.8249146938323975
3.34954571723938
1.3213870525360107
1.829883337020874
3.3523709774017334
3.342783212661743
1.8308501243591309
3.364365339279175
3.3797051906585693
3.3457589149475098
1.8332469463348389
3.3427248001098633
1.3325748443603516
3.8429787158966064
3.339893102645874
3.344491720199585
1.3392539024353027
1.8259484767913818
3.355875253677368
1.824538230895996
1.8381526470184326
3.355830192565918
1.3261582851409912
1.825531005859375
3.3644094467163086
1.3169660568237305
1.8183372020721436
3.355116128921509
1.3231267929077148
1.830979347229004
3.353071689605713
3.346348762512207
3.3495771884918213
3.3380191326141357
3.351344108581543
1.3145778179168701
1.8327453136444092
1.3200340270996094
1.8318285942077637
3.870727300643921
3.3623950481414795
3.345212697982788
3.8510260581970215
3.355544328689575
1.31695556640625
1.8243451118469238
1.3164000511169434
1.342181921005249
3.8594913482666016
3.3448095321655273
3.365316152572632
1.3348042964935303
3.8554184436798096
3.3673644065856934
3.4632790088653564
3.375772476196289
1.828446388244629
1.402259111404419
5.3550732135772705
3.345346212387085
1.8302617073059082
3.345950126647949
3.358189105987549
1.8270790576934814
3.350947618484497
1.324782133102417
1.3271210193634033
1.8397243022918701
3.3410322666168213
3.355564594268799
3.3428955078125
1.821286916732788
3.3463852405548096
3.3548593521118164
1.8437094688415527
1.825984001159668
1.3494341373443604
1.8253777027130127
3.3905863761901855
3.3371469974517822
1.3255987167358398
1.8187448978424072
3.352313280105591
3.3549740314483643
1.8415579795837402
3.3956000804901123
3.337163209915161
3.3494675159454346
1.8348329067230225
3.3431520462036133
3.3708066940307617
1.3275830745697021
1.3220698833465576
3.345669746398926
1.3307952880859375
1.828247308731079
3.3598484992980957
1.3195176124572754
1.859602689743042
3.3351235389709473
3.343489646911621
3.85644793510437
3.3335671424865723
3.3647680282592773
1.317683219909668
3.8468897342681885
1.3193602561950684
3.3376057147979736
3.852932929992676
3.350188970565796
3.3568620681762695
1.823237419128418
1.843263864517212
1.3254187107086182
3.350693464279175
1.824728012084961
1.3232550621032715
3.364872932434082
1.8790524005889893
3.385401725769043
3.3401479721069336
1.3157458305358887
3.3553671836853027
3.3510172367095947
3.3575944900512695
