3.3611481189727783
3.358346462249756
3.3904178142547607
3.363125801086426
1.8453311920166016
3.3409621715545654
3.355994701385498
1.3265573978424072
3.8815572261810303
3.3733441829681396
1.3323500156402588
1.3343212604522705
3.3623809814453125
3.382714033126831
1.3272044658660889
1.8412220478057861
3.3959052562713623
3.3635613918304443
1.3442871570587158
1.8566815853118896
1.321864128112793
1.321913480758667
1.8263554573059082
3.3679733276367188
3.380878210067749
3.3664603233337402
1.3508906364440918
1.8388278484344482
3.364032030105591
3.3556814193725586
1.3184125423431396
1.8599205017089844
3.3868470191955566
3.3616750240325928
1.3277888298034668
1.8317232131958008
3.38846755027771
3.3550240993499756
1.3338727951049805
1.8299229145050049
3.375606060028076
1.3201844692230225
1.3349766731262207
3.357125997543335
3.3638064861297607
3.3712992668151855
1.8271887302398682
1.848606824874878
3.359278440475464
1.3334531784057617
1.3360929489135742
3.3501293659210205
1.3289105892181396
1.828826904296875
1.3256888389587402
3.369736433029175
1.3334786891937256
1.3731391429901123
1.8279321193695068
3.3373477458953857
3.3460693359375
1.3200547695159912
1.334474802017212
1.8199150562286377
1.8295063972473145
3.3403115272521973
1.3168656826019287
1.824260950088501
3.3429441452026367
1.3265736103057861
3.370115280151367
3.373278856277466
1.3249526023864746
1.8433048725128174
3.3526790142059326
1.3198227882385254
1.3250601291656494
1.8301856517791748
3.351828098297119
3.3551790714263916
1.3171920776367188
1.8236103057861328
3.3508801460266113
3.3558573722839355
1.3297972679138184
1.8267982006072998
1.3205225467681885
1.319833755493164
1.8282272815704346
1.3295395374298096
1.3277490139007568
1.8293507099151611
1.324242115020752
1.3256585597991943
1.3166005611419678
3.3543953895568848
3.3634860515594482
1.3326547145843506
1.8344168663024902
3.3404526710510254
1.3257825374603271
1.8279438018798828
1.8333821296691895
1.3221435546875
1.349276065826416
3.368170976638794
1.3397111892700195
1.858672857284546
3.35585880279541
3.351792097091675
1.3415446281433105
1.8336694240570068
3.3603928089141846
3.3519980907440186
1.328681468963623
1.8236839771270752
3.347670793533325
3.341829538345337
1.8197863101959229
3.35031795501709
3.3445611000061035
1.3416507244110107
3.3470730781555176
1.3307688236236572
1.3230597972869873
3.3483245372772217
1.3269808292388916
1.3194770812988281
2.121706962585449
2.8362529277801514
1.8308336734771729
1.8342382907867432
3.35657000541687
3.3585588932037354
1.3376092910766602
1.8312771320343018
1.329270839691162
1.329244613647461
1.8380234241485596
1.3280537128448486
3.355198621749878
1.8479111194610596
1.8331844806671143
3.363643169403076
1.3216114044189453
1.822394609451294
3.3730530738830566
1.3209965229034424
1.324190616607666
1.861562728881836
3.368915557861328
1.3219451904296875
1.8352696895599365
3.3580760955810547
1.3533649444580078
1.8343734741210938
3.358051300048828
1.3431077003479004
1.8297290802001953
3.358065366744995
3.3438351154327393
1.3339340686798096
1.8234012126922607
3.3560469150543213
3.365645408630371
1.326794147491455
1.8401737213134766
1.8297159671783447
3.3915884494781494
1.3388874530792236
1.8284516334533691
3.3530468940734863
3.3962173461914062
1.8607840538024902
1.3270683288574219
3.367427349090576
1.3474452495574951
3.359448194503784
3.35471510887146
1.3244333267211914
1.8392202854156494
3.3779540061950684
3.3611972332000732
1.3428432941436768
1.3248567581176758
1.8501217365264893
3.378883123397827
1.3211669921875
1.847425937652588
3.3529348373413086
1.3323776721954346
1.3322834968566895
1.8386809825897217
3.3632171154022217
1.3231174945831299
1.8256616592407227
3.345449924468994
3.3628671169281006
1.3594999313354492
1.8213918209075928
3.351738452911377
3.3799729347229004
1.3486573696136475
1.3503146171569824
1.8667304515838623
1.337104320526123
1.3328256607055664
1.8386461734771729
3.389322280883789
1.3373401165008545
1.8272767066955566
3.3458611965179443
3.3840370178222656
3.4052274227142334
1.8376410007476807
1.859955072402954
1.321866750717163
3.3806264400482178
1.8466846942901611
3.365015745162964
3.376962900161743
1.440610408782959
1.3294320106506348
1.8518364429473877
3.3529140949249268
1.3343298435211182
3.371877431869507
3.420743942260742
1.3352785110473633
1.837454080581665
3.4165923595428467
3.3748674392700195
3.378725051879883
1.340346097946167
1.8340907096862793
3.371249198913574
1.3387281894683838
1.8425917625427246
3.3691000938415527
3.3530471324920654
1.3537774085998535
1.837472677230835
3.397780179977417
3.348508834838867
1.3242478370666504
1.8262810707092285
3.3982138633728027
1.316145896911621
1.8429388999938965
3.358008623123169
3.3610634803771973
1.3201489448547363
1.8302175998687744
3.3726446628570557
3.354011297225952
1.8408386707305908
1.8421337604522705
3.3472657203674316
3.346412420272827
3.3541152477264404
3.3390185832977295
3.3590290546417236
3.34806752204895
1.3339202404022217
1.8256714344024658
1.336794376373291
1.3193447589874268
1.839693546295166
3.368134021759033
3.344343662261963
1.8282239437103271
3.3344061374664307
3.349715232849121
1.3189845085144043
1.8523364067077637
3.3482460975646973
3.340212345123291
1.3232812881469727
1.3415350914001465
3.3529574871063232
3.3448097705841064
1.3214390277862549
1.8321192264556885
3.3486053943634033
1.3147788047790527
1.8278794288635254
3.3490471839904785
3.341999053955078
1.3271002769470215
1.8322889804840088
3.345949411392212
3.3446075916290283
1.3205986022949219
1.8244941234588623
1.828002691268921
3.3398685455322266
1.3196916580200195
1.826692819595337
3.3516554832458496
3.3443520069122314
1.322305679321289
1.8271114826202393
3.337827444076538
3.3478612899780273
1.829138994216919
3.346461772918701
3.3406407833099365
1.3171052932739258
1.8303146362304688
1.3207340240478516
3.3661561012268066
1.321190595626831
3.349097728729248
3.3467905521392822
1.3307209014892578
1.827390193939209
1.323932409286499
1.3290064334869385
1.82444429397583
3.3440120220184326
3.3462157249450684
1.3162481784820557
3.3324756622314453
1.3238978385925293
1.832726001739502
1.8257761001586914
1.3198192119598389
1.321258783340454
1.8215000629425049
1.3163726329803467
1.327146053314209
1.8249404430389404
3.3455779552459717
3.3501105308532715
1.3297178745269775
3.85436749458313
3.3413197994232178
3.339891195297241
1.32228684425354
3.34859299659729
3.336787700653076
3.341948986053467
1.3278026580810547
3.333383560180664
3.3424041271209717
1.316746473312378
1.8218133449554443
3.3420703411102295
1.327091932296753
1.8250510692596436
3.3689467906951904
3.33349871635437
1.3201463222503662
1.8322012424468994
3.3393335342407227
3.3377621173858643
1.3170831203460693
1.821995496749878
3.345581531524658
1.8194966316223145
3.3601582050323486
3.3532216548919678
3.347637414932251
1.3179364204406738
1.835829257965088
3.3408079147338867
1.3185372352600098
3.3444302082061768
3.3522191047668457
1.8331856727600098
3.334759473800659
3.34114670753479
1.325085163116455
1.8273687362670898
3.338888645172119
1.3264315128326416
1.8213646411895752
3.3472652435302734
3.347064971923828
1.3466761112213135
1.8338894844055176
3.348428964614868
3.3450727462768555
1.3220100402832031
1.3157284259796143
1.3216454982757568
1.8199024200439453
3.339040517807007
3.351386308670044
1.3304698467254639
1.8231005668640137
1.3208723068237305
1.3195436000823975
1.8338377475738525
3.339390993118286
1.3245196342468262
1.8408808708190918
3.3421027660369873
1.32578444480896
1.8298571109771729
3.3501367568969727
3.3445093631744385
1.3230173587799072
1.831498146057129
3.3449432849884033
1.3167493343353271
1.8267555236816406
3.357731342315674
3.352429151535034
1.8258986473083496
1.8229587078094482
3.350043535232544
3.3748245239257812
1.8328509330749512
1.825972080230713
3.3526394367218018
1.321622371673584
3.3523411750793457
3.346635341644287
1.317734956741333
1.8208892345428467
1.31768798828125
3.3555214405059814
1.3261075019836426
1.8239667415618896
3.3492329120635986
1.349153757095337
1.8258984088897705
3.3363637924194336
1.3240697383880615
1.8201706409454346
3.350463628768921
3.3327505588531494
1.3247530460357666
3.3377249240875244
3.3446900844573975
3.3449881076812744
1.3236658573150635
3.3552160263061523
3.349709987640381
1.3265893459320068
3.340392827987671
3.3369429111480713
1.3208491802215576
1.8278417587280273
1.3454904556274414
1.3196275234222412
1.8257503509521484
1.3257815837860107
1.3172929286956787
1.8253657817840576
1.3164336681365967
1.3288240432739258
1.8245606422424316
1.3295297622680664
3.3633158206939697
1.3249011039733887
1.3205969333648682
1.8224961757659912
3.3447883129119873
3.33927321434021
1.331061601638794
1.8239226341247559
1.3346941471099854
1.3236596584320068
1.8315784931182861
3.3423008918762207
1.315272331237793
1.3255150318145752
3.381134510040283
1.316575050354004
3.3442318439483643
3.364478826522827
1.3214168548583984
1.8201196193695068
1.331958293914795
3.3608477115631104
1.824791431427002
3.356430768966675
3.3412587642669678
1.326063632965088
1.834822177886963
1.3192241191864014
1.3225376605987549
3.4004392623901367
3.3410427570343018
1.316636562347412
1.331035852432251
3.334975242614746
3.3465447425842285
1.3261826038360596
1.3210322856903076
3.338487386703491
3.3697526454925537
1.3220443725585938
1.323094367980957
3.3546364307403564
1.324317216873169
3.336561679840088
3.3479201793670654
1.3185653686523438
1.8215446472167969
3.343651294708252
1.3225233554840088
3.3503453731536865
1.3182406425476074
1.8215579986572266
1.8280696868896484
3.335123062133789
3.3426671028137207
1.3165009021759033
1.8397035598754883
3.338481903076172
1.3255729675292969
1.8371317386627197
3.3418493270874023
1.3324620723724365
1.8367900848388672
3.3486685752868652
1.3336267471313477
1.838939905166626
3.3562676906585693
3.3542730808258057
3.342557430267334
1.8282499313354492
3.357736825942993
1.3432466983795166
1.826578140258789
3.3541054725646973
3.3520781993865967
1.3319077491760254
1.8320560455322266
3.3390064239501953
1.3270254135131836
1.8269693851470947
3.348404884338379
1.3178727626800537
1.8277075290679932
3.3544769287109375
1.3164911270141602
1.8294589519500732
3.3400323390960693
1.3234844207763672
1.8255527019500732
3.352496862411499
3.3539226055145264
1.3219773769378662
3.334627389907837
3.3347225189208984
1.316667079925537
1.8330724239349365
1.3187716007232666
1.3205499649047852
1.8223366737365723
3.348259210586548
1.3226416110992432
1.8474574089050293
3.344048023223877
1.3224802017211914
1.8270173072814941
1.3188881874084473
1.3177316188812256
1.8256421089172363
3.363541841506958
3.3670244216918945
1.3192102909088135
1.828491449356079
3.3403983116149902
1.3222377300262451
1.3226609230041504
1.8282032012939453
1.3557853698730469
3.3439583778381348
1.3175976276397705
1.8213841915130615
1.3177332878112793
3.346451759338379
1.3208694458007812
3.347156286239624
1.3217377662658691
1.31923508644104
1.8437237739562988
3.341583013534546
3.3447797298431396
1.3251957893371582
1.820537805557251
3.337136745452881
3.3544561862945557
1.854738712310791
1.8258056640625
1.3215851783752441
1.3273301124572754
3.35144305229187
3.3451790809631348
1.3259782791137695
1.8211932182312012
3.353426218032837
1.328254222869873
1.8235645294189453
3.3509974479675293
3.3622448444366455
1.3267920017242432
1.8259022235870361
3.340977191925049
3.3527233600616455
1.3198878765106201
1.3231585025787354
3.351374864578247
1.3314337730407715
1.8344247341156006
3.346349000930786
1.3151867389678955
1.8353517055511475
3.3424956798553467
1.3168697357177734
1.8236851692199707
3.334240198135376
3.332883834838867
1.3214592933654785
1.8325097560882568
1.327491283416748
1.3196885585784912
1.8482859134674072
3.350186824798584
3.341014862060547
1.324188232421875
1.8208198547363281
1.3172414302825928
1.3257391452789307
1.8268887996673584
1.3167760372161865
1.3219661712646484
1.8366937637329102
1.319460153579712
3.3381216526031494
1.3180301189422607
3.3378844261169434
3.3462846279144287
1.830394983291626
