4.074409008026123
3.345141649246216
2.6597650051116943
3.3669557571411133
3.3415231704711914
3.362217426300049
3.382457733154297
3.3958709239959717
3.3696072101593018
3.3695003986358643
3.3636372089385986
3.3762612342834473
3.330984592437744
3.3468244075775146
3.3651931285858154
2.6498451232910156
3.3414804935455322
3.366553544998169
3.409926414489746
3.3636038303375244
3.3396260738372803
3.3397059440612793
3.365332841873169
3.346742630004883
3.355562686920166
2.6204607486724854
3.3826828002929688
3.3382558822631836
3.36332631111145
3.345916986465454
3.3620169162750244
3.3517730236053467
3.3604722023010254
3.3966383934020996
3.364375591278076
3.347982168197632
3.3477091789245605
3.3642566204071045
2.6433868408203125
3.348731517791748
3.3528501987457275
3.3410940170288086
3.367091655731201
3.3282036781311035
3.0333926677703857
3.3300435543060303
3.335019111633301
3.327141284942627
3.3277385234832764
3.3251750469207764
3.3512556552886963
3.3335154056549072
3.332982063293457
3.3285892009735107
3.327993631362915
3.327298402786255
3.3279671669006348
2.6441118717193604
3.324099540710449
3.346623420715332
3.326284170150757
3.330122709274292
3.336888313293457
3.3378045558929443
3.3333866596221924
3.3296988010406494
3.3288440704345703
3.343594551086426
3.3436717987060547
3.332439661026001
3.326310634613037
3.340153694152832
3.3269577026367188
3.3330068588256836
3.3312623500823975
2.631167411804199
3.333007335662842
3.3248353004455566
3.328418493270874
3.3337647914886475
3.333265542984009
3.3318119049072266
3.3309273719787598
3.328115940093994
3.3396530151367188
3.3279378414154053
3.3334991931915283
3.3307337760925293
3.3463668823242188
3.334853172302246
3.336635112762451
3.3273098468780518
4.746674537658691
3.3345985412597656
3.3337650299072266
3.3399178981781006
3.3323447704315186
3.3293912410736084
3.334728479385376
3.332972764968872
3.3452272415161133
3.3269824981689453
3.3350276947021484
3.3285367488861084
3.339322566986084
3.3336312770843506
3.335073232650757
3.3219153881073
3.336636781692505
3.3305978775024414
3.3293392658233643
3.333686113357544
3.327495813369751
3.3459229469299316
3.327633857727051
3.338304042816162
3.3294694423675537
3.3315627574920654
2.6317667961120605
3.3332433700561523
3.3347067832946777
3.340674877166748
3.3354790210723877
3.3393807411193848
3.3316404819488525
3.3273189067840576
3.334355354309082
3.3369100093841553
3.3364195823669434
3.340003252029419
3.3289613723754883
3.3486945629119873
3.3325793743133545
3.336430549621582
3.334794044494629
3.331376075744629
3.3346500396728516
3.337175130844116
3.3345658779144287
3.330394983291626
2.6316752433776855
3.3288049697875977
3.3397302627563477
3.329803943634033
3.3268837928771973
3.3480231761932373
3.3416128158569336
3.3273160457611084
3.3354363441467285
3.3403916358947754
3.3240315914154053
3.3517768383026123
3.327523708343506
3.3444910049438477
3.3364861011505127
3.329145669937134
3.336379051208496
3.3480122089385986
3.3279383182525635
3.3345861434936523
3.3330605030059814
3.3303775787353516
3.333984851837158
4.751226186752319
3.335484504699707
3.3342607021331787
3.3260326385498047
3.328906297683716
3.328578233718872
3.3511693477630615
3.3469154834747314
3.332951784133911
3.3371057510375977
3.3315258026123047
3.3296303749084473
3.3451335430145264
3.323421001434326
3.332327365875244
3.3338046073913574
3.3316826820373535
3.327138900756836
3.3338232040405273
3.3268380165100098
3.328625440597534
3.326266288757324
3.3311474323272705
3.3281006813049316
4.739511251449585
3.331346273422241
3.3251266479492188
3.328284502029419
3.331768274307251
3.3313937187194824
3.3441638946533203
3.326643943786621
3.3372368812561035
3.3295843601226807
3.326829433441162
3.3344998359680176
3.3315086364746094
3.3247828483581543
3.3335063457489014
3.3304927349090576
3.3353841304779053
4.742307901382446
3.3354451656341553
3.3304572105407715
3.336015224456787
3.3335025310516357
3.3433170318603516
3.3442840576171875
3.3216638565063477
3.334645986557007
3.3269994258880615
3.336564779281616
3.3374271392822266
3.335524320602417
3.3382441997528076
3.3333096504211426
3.3336989879608154
2.62461519241333
3.3431262969970703
3.3227972984313965
3.332716941833496
3.33170485496521
3.325918436050415
3.338330030441284
3.3279073238372803
3.3409199714660645
3.329366445541382
3.3450489044189453
3.338409662246704
3.3393776416778564
3.345384120941162
5.45115852355957
3.3281641006469727
3.3306844234466553
3.336238384246826
3.3367128372192383
3.3282926082611084
3.3298227787017822
3.3248095512390137
3.327913761138916
3.3275089263916016
3.3282077312469482
3.3391873836517334
3.3314192295074463
2.6265878677368164
3.3344290256500244
3.342200756072998
3.3388919830322266
3.329540252685547
3.334209442138672
3.3875653743743896
3.3522439002990723
3.3432037830352783
3.3240766525268555
3.3361151218414307
3.3253438472747803
2.6297125816345215
3.333369255065918
3.3453335762023926
3.330838441848755
3.324352264404297
3.32779860496521
3.324781894683838
3.3433187007904053
3.327915668487549
3.3276255130767822
3.3372395038604736
3.3346951007843018
3.3339035511016846
3.329752206802368
3.3305373191833496
2.6333343982696533
3.339733362197876
3.3236725330352783
3.3323309421539307
3.332821846008301
3.359560251235962
3.3324272632598877
3.3381893634796143
3.329951763153076
3.328833818435669
3.3328206539154053
3.3269741535186768
3.3418543338775635
3.329411745071411
3.3299200534820557
4.734096050262451
3.338566780090332
3.3299176692962646
3.3331990242004395
3.3378825187683105
3.3432655334472656
3.335022211074829
3.3377814292907715
3.324615955352783
3.325983762741089
3.339508533477783
2.620997428894043
3.329087018966675
3.341989517211914
3.330359935760498
3.32368803024292
3.3252477645874023
3.3256328105926514
3.3258841037750244
3.3259267807006836
3.3236982822418213
3.327615261077881
3.328392744064331
3.325164794921875
3.327317476272583
3.334210157394409
3.3247663974761963
3.331425189971924
2.644541025161743
3.3285109996795654
3.3296005725860596
3.328150510787964
3.3289549350738525
3.3268158435821533
3.325571060180664
3.3340766429901123
3.3305511474609375
3.3322176933288574
3.3275606632232666
3.3267910480499268
3.3292696475982666
3.323397159576416
3.333115339279175
3.3224997520446777
4.742183208465576
3.3263328075408936
3.331775188446045
3.3246164321899414
3.329571008682251
3.327409505844116
3.327009677886963
5.439873695373535
3.3248424530029297
2.635892391204834
4.039751291275024
3.3336615562438965
3.3373517990112305
3.3248190879821777
4.7379560470581055
3.3435871601104736
3.323822021484375
3.3248450756073
3.3292946815490723
3.330821990966797
3.331063985824585
3.33113431930542
5.4433605670928955
3.3301775455474854
3.329310894012451
3.3265538215637207
3.3253822326660156
2.630777597427368
3.3269169330596924
3.351647138595581
3.328282594680786
3.3249318599700928
3.3278300762176514
3.3373899459838867
3.32711124420166
3.3367202281951904
3.3265628814697266
3.3336398601531982
2.6298601627349854
3.3255414962768555
3.3301892280578613
3.3402650356292725
3.322293281555176
3.3246631622314453
3.3311879634857178
3.3260011672973633
3.3265888690948486
3.327040672302246
3.3356096744537354
3.332674980163574
3.3314170837402344
2.624565839767456
3.3243110179901123
3.3325695991516113
3.326540946960449
3.3296031951904297
3.3241360187530518
3.326000452041626
3.3313369750976562
3.328395366668701
3.3372139930725098
3.330568552017212
3.331399917602539
3.3284122943878174
3.333699941635132
4.735959529876709
3.342280626296997
3.341681718826294
3.3335838317871094
3.331101179122925
3.3317692279815674
3.327073335647583
3.3376214504241943
3.333946704864502
3.334868907928467
3.324058771133423
3.3335108757019043
3.329512119293213
3.3249340057373047
3.344726800918579
3.3341922760009766
3.3317782878875732
3.326301097869873
2.622795581817627
3.340224504470825
3.330087423324585
3.3263497352600098
3.3253872394561768
3.3252382278442383
3.3337314128875732
3.3234152793884277
3.3260276317596436
3.3239810466766357
3.3302876949310303
3.3352954387664795
3.3366053104400635
3.3238048553466797
3.3291478157043457
3.3345398902893066
3.33166241645813
3.328439474105835
3.327206611633301
3.3316967487335205
4.74145770072937
3.32985520362854
3.3401801586151123
3.32942533493042
3.332090139389038
3.3321425914764404
3.336249351501465
3.3221967220306396
3.3285553455352783
3.32915997505188
3.331329107284546
3.330064058303833
3.3307979106903076
3.329392910003662
3.3294358253479004
2.6256377696990967
3.3326969146728516
3.3339788913726807
3.333540678024292
3.3264498710632324
3.328303098678589
3.3289363384246826
3.3248867988586426
3.329188346862793
3.3261845111846924
3.321855306625366
3.3266115188598633
3.3325440883636475
2.6372478008270264
3.3389410972595215
3.341938018798828
3.324565887451172
3.3299973011016846
3.3309245109558105
3.327275276184082
5.443108320236206
3.3220789432525635
3.3250675201416016
3.3243520259857178
3.333819627761841
2.6346700191497803
3.3219969272613525
3.3320446014404297
3.3283488750457764
3.3286216259002686
3.3314526081085205
3.32938814163208
3.3301455974578857
3.330888271331787
3.3414218425750732
3.3451411724090576
3.331752061843872
3.329716205596924
2.6191909313201904
3.339130163192749
3.325864791870117
3.326566219329834
3.320321559906006
3.3268725872039795
3.339482307434082
3.3300583362579346
3.329498052597046
3.331083297729492
3.331641912460327
3.3301262855529785
3.3296046257019043
3.3299782276153564
4.749488115310669
3.340024709701538
3.3371784687042236
3.3535618782043457
3.339055299758911
3.3385210037231445
3.3402881622314453
3.330209970474243
3.3238091468811035
3.331427574157715
3.3403046131134033
2.618901252746582
3.3404018878936768
3.329822063446045
3.3298754692077637
3.326741933822632
3.3266265392303467
3.3360917568206787
3.326080799102783
3.327476739883423
3.328022003173828
3.3416967391967773
5.450044631958008
3.3318305015563965
3.32612943649292
3.3269906044006348
3.3350374698638916
3.3262040615081787
3.331416606903076
2.6248085498809814
3.3279738426208496
3.329209804534912
3.3327620029449463
3.3285417556762695
3.3260598182678223
3.334564685821533
3.3237106800079346
3.3456223011016846
3.325848340988159
3.3238840103149414
3.328998327255249
3.3314366340637207
3.3271484375
3.326969861984253
3.3313663005828857
2.6218743324279785
3.3261942863464355
3.3347270488739014
3.3280794620513916
3.3269262313842773
3.331784963607788
3.331789255142212
3.330031394958496
3.328970432281494
3.3247172832489014
3.3302712440490723
2.63563871383667
3.333068609237671
3.3341493606567383
3.336136817932129
3.32731294631958
3.3358235359191895
3.3376779556274414
3.346069097518921
3.33473801612854
3.3413071632385254
3.325831413269043
4.740100860595703
3.3249168395996094
3.328585624694824
3.3230671882629395
3.3395633697509766
3.3375816345214844
3.3337762355804443
3.336322069168091
3.34670090675354
3.325904369354248
3.3286609649658203
3.3302974700927734
2.624924898147583
3.332723379135132
3.3300533294677734
3.322676658630371
3.3302807807922363
3.328263282775879
3.3378121852874756
3.33125901222229
3.3250892162323
3.334580659866333
3.327665328979492
3.336866855621338
3.3253867626190186
3.3322031497955322
3.3299641609191895
3.3404958248138428
2.627185344696045
3.3414039611816406
3.324993848800659
3.326958656311035
3.3226158618927
3.336698293685913
3.3339786529541016
3.3285152912139893
3.333042860031128
3.3259060382843018
3.3323769569396973
3.325716733932495
4.742053985595703
3.3248891830444336
3.3237037658691406
3.3365278244018555
3.333378553390503
3.322169542312622
3.3304240703582764
3.3286118507385254
3.327402114868164
3.3383376598358154
3.329497814178467
3.336845636367798
3.3296899795532227
2.627443313598633
3.3270456790924072
3.3321356773376465
3.3508148193359375
3.3416268825531006
3.3289120197296143
3.333440065383911
3.3371193408966064
3.3312854766845703
3.327375650405884
3.3281257152557373
3.3264691829681396
3.3266215324401855
3.329951763153076
3.3309035301208496
3.323918104171753
