4.064748525619507
3.3489444255828857
2.6783628463745117
3.353086471557617
3.338325262069702
3.370587110519409
3.4053056240081787
3.357895851135254
3.3617360591888428
3.360132932662964
3.359889030456543
3.3635332584381104
3.341759443283081
3.3314197063446045
2.6281144618988037
2.645792245864868
3.3404815196990967
3.36187744140625
3.405754566192627
3.3551249504089355
3.341416120529175
3.332185983657837
3.3619706630706787
3.357722043991089
3.3435378074645996
2.6293423175811768
3.363358736038208
3.3450751304626465
3.343372344970703
3.350721836090088
3.3530871868133545
3.3486597537994385
3.3416314125061035
3.3898959159851074
3.3641505241394043
3.3470051288604736
3.355501651763916
3.3663506507873535
2.654176950454712
3.3513805866241455
3.339538812637329
3.3521554470062256
3.3467395305633545
3.3301303386688232
3.023859977722168
3.333571434020996
3.332629442214966
3.3325119018554688
3.3302001953125
3.3334219455718994
3.3622376918792725
3.330932140350342
3.326152801513672
3.3312571048736572
3.3335018157958984
3.3296236991882324
3.3276917934417725
2.6341514587402344
3.334738254547119
3.3436522483825684
3.335371255874634
3.327471971511841
3.329763412475586
3.329216241836548
3.324221611022949
3.3278260231018066
3.32792329788208
3.34092378616333
3.340512990951538
3.328961133956909
3.3438167572021484
3.333791732788086
3.3324031829833984
3.329136610031128
3.3371055126190186
2.6233561038970947
3.3298587799072266
3.328375816345215
3.3358514308929443
3.3264570236206055
3.3345656394958496
3.334054470062256
3.3294036388397217
3.338749885559082
3.331458568572998
3.3294360637664795
3.3368184566497803
3.3257949352264404
3.334872245788574
3.3280746936798096
3.340471029281616
3.327955961227417
3.327871084213257
3.330420970916748
3.335005760192871
3.3388655185699463
3.336259603500366
3.32878041267395
3.3336427211761475
3.322951316833496
3.354126453399658
3.329192876815796
3.331577777862549
3.3354439735412598
3.3404338359832764
3.32858943939209
3.3449196815490723
3.3269741535186768
3.3406357765197754
3.3302879333496094
2.6239895820617676
3.3390285968780518
2.6217129230499268
3.3322134017944336
3.3386785984039307
2.6259093284606934
3.3271234035491943
2.6257667541503906
2.628984212875366
3.334609031677246
3.33089017868042
3.339550733566284
3.3284189701080322
3.3321533203125
3.3313584327697754
3.3397505283355713
3.3337409496307373
3.327106475830078
3.3241100311279297
3.341674566268921
3.329697608947754
3.353940010070801
3.3301215171813965
3.335800886154175
3.3300743103027344
3.3291378021240234
2.624220132827759
2.6222469806671143
2.6260647773742676
3.3331730365753174
2.629190444946289
3.337190866470337
3.3300158977508545
3.3283021450042725
3.3263518810272217
3.337019681930542
3.3290188312530518
3.335279703140259
3.332289695739746
3.3369641304016113
3.326796293258667
3.34865665435791
3.3291947841644287
3.33984375
3.342552661895752
3.3301632404327393
2.622706413269043
3.342331647872925
2.6212170124053955
2.636033535003662
3.3370373249053955
2.6183383464813232
2.6309618949890137
3.3296313285827637
3.3241734504699707
3.3285531997680664
3.326683282852173
3.3339693546295166
3.3341195583343506
3.3399205207824707
3.3421127796173096
3.3328797817230225
3.3388702869415283
3.32682204246521
3.33128023147583
3.3271358013153076
3.3272104263305664
2.6219053268432617
2.628072500228882
2.6343400478363037
3.3354194164276123
3.332876682281494
2.6283674240112305
3.32723069190979
3.330030918121338
2.6239013671875
3.331167697906494
2.6253793239593506
3.338078260421753
3.3301761150360107
3.325519323348999
3.3261566162109375
3.3363850116729736
3.32706618309021
3.3379018306732178
3.341564416885376
3.3293659687042236
3.3238227367401123
3.3343515396118164
3.331305742263794
3.3332390785217285
3.3328514099121094
2.6226866245269775
3.3332138061523438
4.73292088508606
3.3320388793945312
3.3349757194519043
3.335103750228882
3.3241591453552246
3.331350803375244
3.343991994857788
3.329106569290161
3.3278706073760986
3.3347585201263428
3.326655626296997
3.3370730876922607
3.331851005554199
3.327854633331299
3.329606533050537
3.336829423904419
2.618161678314209
3.3391146659851074
3.3257100582122803
3.3415021896362305
3.3276448249816895
3.3304824829101562
3.3500187397003174
3.3253653049468994
3.3243002891540527
3.3346946239471436
3.3468563556671143
3.3336703777313232
3.337885856628418
3.34055495262146
3.3367536067962646
3.3351242542266846
2.6292097568511963
3.336121082305908
2.619241952896118
3.322439193725586
3.328732490539551
3.335543155670166
3.3255202770233154
2.624809503555298
3.334087610244751
2.6315977573394775
3.3305768966674805
2.6297101974487305
3.3394992351531982
3.3515632152557373
3.3218040466308594
3.3240621089935303
3.3398325443267822
3.379260301589966
3.3344814777374268
3.3239996433258057
2.6242167949676514
3.32643461227417
3.3256008625030518
2.629920721054077
3.329359531402588
3.333894729614258
3.3359453678131104
3.3298873901367188
3.3311266899108887
3.3257579803466797
3.3358068466186523
3.3316266536712646
3.3387668132781982
3.3241443634033203
3.3220362663269043
3.3306496143341064
2.6290998458862305
2.630542278289795
2.626812696456909
3.3297860622406006
3.326111078262329
3.3218801021575928
3.3245880603790283
3.3321430683135986
3.339677095413208
3.3347630500793457
3.3263118267059326
3.3334994316101074
3.3424713611602783
2.6251814365386963
3.331519842147827
2.624880313873291
3.3258731365203857
2.6204464435577393
3.32576847076416
3.328840494155884
3.325751781463623
3.3327512741088867
3.3292014598846436
3.3371896743774414
3.337482213973999
3.3276872634887695
3.325612783432007
3.3320329189300537
2.635995626449585
3.324431896209717
3.3369181156158447
3.336418390274048
3.3351433277130127
3.326582908630371
3.3253843784332275
3.3260374069213867
3.329925537109375
3.325953483581543
3.3297102451324463
3.3390793800354004
3.3290860652923584
3.328136920928955
3.334306001663208
3.3376197814941406
3.3267464637756348
2.6413521766662598
3.3288650512695312
3.338925838470459
3.3242592811584473
3.327826738357544
3.327908515930176
3.32818341255188
3.3329155445098877
3.323704481124878
3.328260660171509
3.327129602432251
3.327406644821167
3.338289499282837
3.328035593032837
3.32434344291687
3.327324867248535
3.3353004455566406
3.3265490531921387
3.3239593505859375
3.3334267139434814
3.326089382171631
3.322495698928833
3.3427131175994873
3.3253798484802246
3.323338747024536
2.624778985977173
3.3320183753967285
2.6449389457702637
3.3412797451019287
2.617755174636841
3.3323609828948975
3.3376352787017822
3.3291728496551514
3.3356075286865234
3.337083101272583
3.330136775970459
3.327712297439575
3.3307406902313232
3.3299999237060547
3.3284177780151367
2.623741626739502
2.643444538116455
3.329042673110962
2.627915382385254
3.3323700428009033
3.3384053707122803
3.3248186111450195
3.327910900115967
3.331413984298706
3.3320086002349854
3.325122117996216
3.3266615867614746
3.3437154293060303
3.3323750495910645
2.6279051303863525
3.323233127593994
3.3262038230895996
3.339703321456909
3.3279542922973633
3.327547550201416
3.3294837474823
3.32961368560791
3.3249878883361816
3.332937717437744
3.330280065536499
3.33258056640625
3.3335654735565186
2.6306474208831787
3.3354718685150146
3.329198122024536
3.327665090560913
3.3287789821624756
3.333515167236328
3.3268167972564697
3.3313724994659424
3.3298306465148926
3.3312277793884277
3.330716371536255
3.3311197757720947
3.3364460468292236
3.3321664333343506
3.326111316680908
3.3391153812408447
3.3403286933898926
3.3275182247161865
3.324598550796509
3.3242619037628174
3.3315577507019043
3.3275139331817627
3.335848569869995
3.3415915966033936
3.3295812606811523
3.3393678665161133
3.322352409362793
3.332385540008545
3.343714475631714
3.3246142864227295
2.632171154022217
3.324941635131836
2.6322362422943115
3.3424060344696045
3.3238401412963867
3.3230783939361572
3.330564498901367
3.3410422801971436
3.3427648544311523
3.3379135131835938
3.3313465118408203
3.3357980251312256
3.336432695388794
3.3226828575134277
3.335524559020996
3.3269805908203125
2.636270523071289
3.335405111312866
2.624337911605835
3.328191041946411
2.6231935024261475
2.629884958267212
3.331785202026367
3.3398730754852295
3.3392739295959473
3.3254852294921875
3.3268370628356934
3.33878231048584
3.335930585861206
3.3258795738220215
3.3348474502563477
3.3258469104766846
3.3277251720428467
2.6223361492156982
3.3326098918914795
3.3370392322540283
2.6283228397369385
2.625617265701294
3.3277504444122314
3.331733465194702
3.332911491394043
3.3309712409973145
3.3263208866119385
3.3391530513763428
3.327770471572876
3.3268961906433105
3.3278920650482178
3.325535535812378
3.3302114009857178
2.6209497451782227
2.6285998821258545
3.3356096744537354
3.3382532596588135
3.3271734714508057
3.3369579315185547
3.327253818511963
3.3265738487243652
3.325937271118164
3.329111337661743
3.3297483921051025
2.6335341930389404
3.33673357963562
2.6280715465545654
3.3248045444488525
3.327005386352539
3.3342838287353516
3.3248016834259033
3.3325273990631104
3.3357646465301514
3.332644462585449
3.3242669105529785
3.3287558555603027
3.336207151412964
3.3329684734344482
3.3282177448272705
2.6380600929260254
3.328486204147339
3.3289592266082764
3.3413643836975098
3.32554292678833
3.3311474323272705
3.335540294647217
3.331531524658203
3.3348655700683594
3.3278298377990723
3.3296778202056885
3.3318228721618652
3.32952880859375
3.3260562419891357
2.624056339263916
3.337003469467163
3.329558849334717
3.3441808223724365
3.3442959785461426
3.3299007415771484
3.330949068069458
3.327996253967285
3.3301634788513184
3.3242173194885254
3.342033624649048
2.6243114471435547
3.337545871734619
3.3356454372406006
3.3315250873565674
3.3308751583099365
3.331646680831909
3.339843273162842
3.328705072402954
3.3283026218414307
3.3288943767547607
3.3266987800598145
3.327237367630005
2.623649835586548
2.628215789794922
3.3334288597106934
2.621600866317749
2.6215085983276367
3.3303823471069336
2.6242733001708984
3.3335559368133545
3.3343563079833984
3.332296848297119
3.3298532962799072
3.3252978324890137
3.328813076019287
3.331364393234253
3.3353846073150635
3.3395979404449463
3.330296039581299
3.3236029148101807
2.632357358932495
3.3333115577697754
3.329526662826538
3.3291947841644287
2.6209118366241455
3.330906867980957
3.32686185836792
3.336162805557251
3.330418825149536
3.331242084503174
3.3304967880249023
3.325167179107666
3.3214058876037598
3.339587450027466
3.3299648761749268
2.6396448612213135
3.339197874069214
3.3304903507232666
3.3457584381103516
3.3401174545288086
3.327866554260254
3.3278448581695557
3.346743583679199
3.333672046661377
3.339862585067749
3.32738995552063
3.33461856842041
3.326873540878296
3.3268816471099854
3.3321056365966797
3.3287761211395264
3.335360050201416
3.332247018814087
3.335921287536621
3.345501184463501
3.3252947330474854
3.3306150436401367
3.331496000289917
2.624948740005493
3.330932855606079
3.329043388366699
3.326223850250244
3.3335163593292236
3.325955390930176
3.327766180038452
3.3244102001190186
3.331843852996826
3.327922821044922
3.325500249862671
3.325700044631958
3.3372836112976074
3.3680379390716553
3.33203387260437
3.3318636417388916
2.624601125717163
3.337054967880249
3.330069065093994
3.331707715988159
3.3267483711242676
3.3349297046661377
3.3318026065826416
3.33139705657959
3.326852321624756
3.3266804218292236
3.332324504852295
3.3413894176483154
3.330004930496216
3.3340017795562744
3.3284120559692383
3.3382136821746826
3.3455142974853516
3.328681707382202
3.3249876499176025
3.329313278198242
3.3310353755950928
3.3414196968078613
3.334381103515625
3.339125871658325
3.3280324935913086
2.637172222137451
3.3364105224609375
3.3285574913024902
3.3503341674804688
3.338759660720825
3.32214093208313
3.329555034637451
3.3319599628448486
3.32420015335083
3.3316726684570312
3.3356807231903076
3.327897787094116
3.3324356079101562
2.621256113052368
3.3261852264404297
2.6199581623077393
