4.072226285934448
2.6277198791503906
2.6735739707946777
3.3550262451171875
3.3452982902526855
3.335806369781494
3.353365182876587
3.385852575302124
3.3384692668914795
3.3598389625549316
3.3439652919769287
3.3335154056549072
2.6404054164886475
2.6354942321777344
2.640637159347534
2.646031141281128
3.356036424636841
3.3520379066467285
3.4064114093780518
3.3681702613830566
3.3572399616241455
3.3380415439605713
3.3627922534942627
3.3486602306365967
2.657366991043091
2.6550722122192383
3.3777689933776855
3.335930824279785
3.3582711219787598
3.349536180496216
3.3683228492736816
3.3560562133789062
3.360759735107422
3.3473117351531982
3.3384573459625244
3.3607513904571533
3.364905595779419
2.648933172225952
2.650686264038086
3.3411097526550293
3.3317184448242188
3.3400163650512695
3.3582091331481934
3.3328988552093506
2.948989152908325
3.3372087478637695
3.332901954650879
3.334582567214966
3.3379225730895996
3.327037811279297
3.3291397094726562
3.337313413619995
3.3321423530578613
3.3333818912506104
3.3335797786712646
3.3326220512390137
3.3291015625
2.624209403991699
3.3331995010375977
3.328463315963745
3.3320019245147705
3.327470064163208
3.3312594890594482
3.3364245891571045
3.3358688354492188
3.3281209468841553
3.3332579135894775
3.333786964416504
3.3267695903778076
3.3299882411956787
3.3351495265960693
3.3317654132843018
3.3362364768981934
2.6255457401275635
2.6237776279449463
2.636112689971924
3.3286428451538086
3.3346283435821533
3.329911708831787
3.335728406906128
3.337257146835327
3.3321080207824707
3.3279004096984863
3.3282721042633057
3.3374977111816406
3.336132049560547
3.3307998180389404
3.336693048477173
3.3315298557281494
3.334181547164917
3.3341710567474365
3.3336703777313232
3.334843397140503
3.3363442420959473
3.3259968757629395
3.3312599658966064
3.3355484008789062
3.3312466144561768
3.3286118507385254
3.3316407203674316
3.3413054943084717
3.3370842933654785
3.33044695854187
3.335150718688965
3.3214166164398193
3.335277795791626
3.331374168395996
3.3357994556427
3.339932441711426
3.3267862796783447
2.621913433074951
2.635411500930786
2.6258347034454346
2.626859664916992
2.6212267875671387
2.6338844299316406
3.3280391693115234
2.629350185394287
2.633430004119873
3.336848258972168
3.3351337909698486
3.339078903198242
3.3359057903289795
3.3324437141418457
3.3278095722198486
3.3331387042999268
3.3309435844421387
3.3332762718200684
3.339940309524536
3.3339133262634277
3.3335061073303223
3.335686206817627
2.629110813140869
2.6246635913848877
2.626491069793701
2.61965012550354
2.630277633666992
2.6253020763397217
2.631840467453003
2.6261355876922607
2.6346328258514404
3.332145929336548
3.3348026275634766
3.3318347930908203
3.3284308910369873
3.330050230026245
3.3375566005706787
3.3276567459106445
3.3272898197174072
3.334933280944824
3.3268203735351562
3.3420798778533936
3.3261020183563232
3.329474449157715
3.3329362869262695
3.333106279373169
2.63651704788208
3.333496570587158
2.6255199909210205
2.6350924968719482
2.631934881210327
2.6269590854644775
2.6265029907226562
2.6327381134033203
3.3350889682769775
3.337909698486328
3.333062171936035
3.3386106491088867
3.3301594257354736
3.328824281692505
3.331592082977295
3.331648111343384
3.330355644226074
3.3291256427764893
3.3336386680603027
3.3373658657073975
3.3410682678222656
2.628044843673706
2.6281306743621826
2.627408027648926
2.628685712814331
2.6211838722229004
2.629413366317749
2.6291253566741943
2.618936538696289
2.6230406761169434
2.6292519569396973
2.6252381801605225
3.335509777069092
3.33207631111145
3.3307347297668457
3.3312623500823975
3.3372817039489746
3.3341853618621826
3.3302881717681885
3.3314096927642822
3.332521677017212
3.3250927925109863
3.3283567428588867
3.325754165649414
3.337066173553467
3.327319383621216
2.6248624324798584
3.3361880779266357
3.328213691711426
3.3242027759552
3.333130121231079
3.3374078273773193
3.3359789848327637
3.3322834968566895
3.3406431674957275
3.3300678730010986
3.327792167663574
3.3291468620300293
3.324979066848755
3.3395235538482666
3.3391435146331787
3.335130453109741
3.3326785564422607
2.635552167892456
2.6275975704193115
3.3370347023010254
3.332714080810547
3.3269248008728027
3.3338258266448975
3.3319907188415527
3.333441972732544
3.3327252864837646
3.327340602874756
3.328331232070923
3.333526372909546
3.325793504714966
3.336230754852295
3.3348309993743896
3.332132339477539
2.627984046936035
2.62744402885437
2.6257266998291016
2.6233789920806885
3.3309154510498047
2.6219394207000732
2.623849630355835
2.6284890174865723
2.6234524250030518
2.6320841312408447
2.6316840648651123
2.6219871044158936
2.6264455318450928
3.3346824645996094
3.332202672958374
3.331183671951294
3.3251712322235107
3.3317596912384033
3.3552913665771484
3.335405111312866
3.3276498317718506
2.6295242309570312
3.3262314796447754
2.6217284202575684
2.6249001026153564
3.3292741775512695
3.3313801288604736
3.3374292850494385
3.3251287937164307
3.335794687271118
3.334419012069702
3.327164649963379
3.3430778980255127
3.3301587104797363
3.328538656234741
3.3286235332489014
3.3276021480560303
2.621805429458618
2.6222622394561768
2.630016565322876
3.3275105953216553
3.3299896717071533
3.3286616802215576
3.3324880599975586
3.329038381576538
3.325026512145996
3.3297009468078613
3.324402093887329
3.3291196823120117
3.335156202316284
2.6231796741485596
3.3364908695220947
2.6273868083953857
3.331822395324707
2.6284327507019043
3.3294663429260254
3.328742265701294
3.3319551944732666
3.329242467880249
3.326240062713623
3.330609083175659
3.3230996131896973
3.3315165042877197
3.3307037353515625
3.331303358078003
2.6236319541931152
3.334015130996704
3.328505277633667
3.3329017162323
3.325623035430908
3.331260919570923
3.328756332397461
3.329817533493042
3.3326668739318848
3.327608585357666
3.3262579441070557
3.3304669857025146
3.3273112773895264
3.324028730392456
3.3353686332702637
3.3290014266967773
3.3288066387176514
2.6242008209228516
3.3252506256103516
3.3332345485687256
3.3321874141693115
3.3287713527679443
3.3282010555267334
3.3237552642822266
3.3303396701812744
3.327476978302002
3.330512762069702
3.3296635150909424
3.33305287361145
3.3351476192474365
3.331941604614258
3.3284659385681152
3.3339836597442627
2.628478527069092
3.3271729946136475
3.3320741653442383
3.32603120803833
3.329084634780884
3.32835054397583
3.334062337875366
3.3283112049102783
3.326680898666382
2.6265060901641846
3.3260867595672607
2.631038188934326
2.623610019683838
2.6221659183502197
2.61905574798584
3.3308002948760986
3.329559087753296
3.331048011779785
3.3311052322387695
3.330580949783325
3.3375210762023926
3.33066463470459
3.327732801437378
2.627638578414917
2.6298093795776367
2.6275384426116943
2.6213107109069824
2.6237354278564453
3.3379673957824707
3.3342807292938232
3.326195001602173
3.33382511138916
3.3245131969451904
3.3327107429504395
3.3287034034729004
3.3287758827209473
3.3375914096832275
3.3305835723876953
2.6238067150115967
3.3280279636383057
3.328284740447998
3.3323142528533936
3.327948808670044
3.3328280448913574
3.3268117904663086
3.326951026916504
3.3335893154144287
3.3234214782714844
3.328690767288208
3.332597494125366
2.623459815979004
2.6213796138763428
3.3264830112457275
3.334059238433838
3.3322560787200928
3.333763360977173
3.325688123703003
3.3257439136505127
3.331263542175293
3.3285746574401855
3.3266875743865967
3.3300788402557373
3.335958480834961
3.3288989067077637
3.32529878616333
3.332547426223755
3.326300859451294
3.3249289989471436
3.3282663822174072
3.328002691268921
3.3332629203796387
3.3253796100616455
3.333611011505127
3.3306355476379395
3.3257968425750732
3.323706865310669
3.3257288932800293
3.3317065238952637
3.337172508239746
3.3332064151763916
2.623039484024048
2.627330780029297
2.6184651851654053
2.6270651817321777
3.3295795917510986
3.327962636947632
3.3342790603637695
3.3280739784240723
3.3311431407928467
3.3300983905792236
3.324794054031372
3.3293166160583496
3.3320531845092773
3.333606481552124
3.3298001289367676
3.3289105892181396
3.332628011703491
2.631394624710083
2.625894784927368
2.6247706413269043
2.6247317790985107
2.623732566833496
2.6281087398529053
2.6301069259643555
3.330294609069824
3.334049940109253
3.3356494903564453
3.327549457550049
3.3316235542297363
3.3296267986297607
3.3253681659698486
3.3264498710632324
3.3274765014648438
3.325263500213623
2.627680540084839
3.331510543823242
2.632457733154297
2.628211498260498
2.6246113777160645
3.330713987350464
3.33467173576355
3.3347625732421875
3.330324172973633
3.3262529373168945
3.326183557510376
3.3277390003204346
3.329425811767578
3.3335201740264893
3.3279383182525635
2.6258132457733154
2.622983694076538
2.623782157897949
3.3376388549804688
3.3271384239196777
3.3309717178344727
3.328305959701538
3.324596881866455
3.3296239376068115
3.331926107406616
3.332707166671753
2.622379779815674
2.631873607635498
3.329055070877075
2.625481367111206
3.335779905319214
3.32869815826416
3.3287906646728516
3.329174518585205
3.3267273902893066
3.3279571533203125
3.3397300243377686
3.328078508377075
3.331989049911499
3.3332467079162598
2.63309645652771
2.628185749053955
2.627657175064087
3.333789825439453
3.329941749572754
3.3308112621307373
3.3253800868988037
3.328068494796753
3.330092668533325
3.324617624282837
3.326012372970581
3.328333616256714
3.3284575939178467
3.327531099319458
3.33150053024292
2.620438814163208
2.6269195079803467
3.3334743976593018
3.3366613388061523
3.3297853469848633
3.330085515975952
3.3267242908477783
3.3270578384399414
3.3419206142425537
3.3327341079711914
3.324127197265625
3.3315417766571045
2.6270248889923096
3.32584547996521
3.3266117572784424
3.3276216983795166
3.327312469482422
3.3324923515319824
3.3285162448883057
3.3282599449157715
3.328230857849121
3.3329429626464844
3.331404209136963
3.324476480484009
2.6272809505462646
2.6228504180908203
2.6261982917785645
2.625664234161377
2.625063896179199
2.626789093017578
2.6256296634674072
3.3298277854919434
3.3258068561553955
3.330047369003296
3.3276617527008057
3.3288214206695557
3.326646327972412
3.32751202583313
3.3300459384918213
3.3306572437286377
3.3275890350341797
3.3345305919647217
2.626357078552246
2.6218888759613037
2.6321632862091064
2.6201629638671875
2.627612829208374
3.329228639602661
3.330263137817383
3.3258273601531982
3.32814884185791
3.3303892612457275
3.3265838623046875
3.338202714920044
3.325998306274414
3.327000856399536
3.3275203704833984
2.626091718673706
3.324589967727661
3.3372089862823486
3.3359498977661133
3.3322975635528564
3.3282763957977295
3.32746958732605
3.328676700592041
3.3302958011627197
3.3299560546875
3.327277898788452
3.331885576248169
3.3269360065460205
3.3327832221984863
3.3318209648132324
3.3272619247436523
3.3282346725463867
3.33575177192688
3.325176239013672
3.329021453857422
3.3282470703125
3.329230785369873
2.6213200092315674
2.6244637966156006
3.3305068016052246
3.3313441276550293
3.3284802436828613
3.3247015476226807
3.333439350128174
3.3294012546539307
3.3281044960021973
3.329472780227661
3.3243420124053955
3.327502489089966
3.330493927001953
3.325782537460327
3.330927848815918
3.32772159576416
2.62406849861145
2.6270759105682373
3.3323428630828857
3.325363874435425
3.3302855491638184
3.3309168815612793
3.333066701889038
3.329982280731201
3.326308250427246
3.326477289199829
3.3274004459381104
3.330443859100342
3.330681562423706
3.3334507942199707
3.3265020847320557
3.342257261276245
3.328146457672119
3.3400657176971436
3.3318898677825928
3.3267269134521484
3.3282582759857178
3.3282248973846436
3.335623025894165
3.3295421600341797
3.3274271488189697
2.6233885288238525
2.6221420764923096
3.328035593032837
3.3316333293914795
3.3269078731536865
3.336054801940918
3.3265562057495117
3.3357646465301514
3.331519842147827
3.3268892765045166
3.3328750133514404
3.3312594890594482
3.3311572074890137
2.624181032180786
2.627671241760254
2.622739553451538
2.626655101776123
