4.057081699371338
2.6457109451293945
2.6755778789520264
3.3737430572509766
3.3402183055877686
3.3613200187683105
3.3579959869384766
3.362652063369751
3.3576669692993164
3.3395938873291016
3.3779444694519043
3.3565380573272705
2.6323297023773193
2.6239702701568604
2.6215078830718994
2.657914400100708
3.368521213531494
3.3616204261779785
3.4043021202087402
3.3438644409179688
3.358417510986328
3.3564112186431885
3.3573718070983887
3.3513078689575195
2.6519596576690674
2.656796932220459
3.3696975708007812
3.330596923828125
3.345297336578369
3.338937282562256
3.3551530838012695
3.363454818725586
3.3689212799072266
3.375818967819214
3.3334126472473145
3.347635269165039
3.36013126373291
3.352224349975586
2.6408116817474365
3.3805456161499023
3.3478150367736816
3.3320069313049316
3.3635401725769043
3.334045886993408
3.0073084831237793
3.3386106491088867
3.3297531604766846
3.3354036808013916
3.3412559032440186
3.3300087451934814
3.3418924808502197
3.3361051082611084
3.327609062194824
3.3330912590026855
3.3298535346984863
3.326050043106079
3.3327269554138184
2.620880126953125
3.3341269493103027
3.3362932205200195
3.3331680297851562
3.3331165313720703
3.3307125568389893
3.328583002090454
3.3260698318481445
3.3299670219421387
3.3291141986846924
3.3323957920074463
3.338155508041382
3.336397171020508
3.342731237411499
3.3269143104553223
3.3329570293426514
2.626610279083252
3.340134620666504
2.63389253616333
3.333575487136841
3.3298351764678955
3.3473238945007324
3.3317034244537354
3.336906671524048
3.3277812004089355
3.336054801940918
3.332176923751831
3.338087797164917
3.33675217628479
3.3362724781036377
3.3378994464874268
3.3361923694610596
3.3256449699401855
3.3349862098693848
3.33251690864563
3.3334946632385254
3.3428592681884766
3.3287770748138428
3.333456039428711
3.3365979194641113
3.3379530906677246
3.3237740993499756
3.3399710655212402
3.3529319763183594
3.3293559551239014
3.33156418800354
3.3287875652313232
3.3338911533355713
3.3314290046691895
3.3238441944122314
3.3289577960968018
3.325730085372925
3.329413652420044
2.6250171661376953
2.6268463134765625
2.6256468296051025
2.630201816558838
2.623145580291748
2.6264898777008057
3.3313426971435547
2.6243605613708496
2.624680280685425
3.3326432704925537
3.3329267501831055
3.3342652320861816
3.330059051513672
3.328298807144165
3.331184148788452
3.336319923400879
3.331378936767578
3.330273151397705
3.334027051925659
3.329319477081299
3.327587366104126
3.3439366817474365
3.327104330062866
2.6177937984466553
2.6215128898620605
3.3367466926574707
2.620405673980713
2.616828441619873
2.6196911334991455
2.6329538822174072
2.6263537406921387
3.3378231525421143
3.330366849899292
3.330181837081909
3.331394910812378
3.342942237854004
3.3291332721710205
3.3329832553863525
3.330329418182373
3.3330891132354736
3.33187198638916
3.3542213439941406
3.3269546031951904
3.3292763233184814
3.3305611610412598
3.336388349533081
2.630469560623169
3.3470468521118164
2.62392520904541
2.6356992721557617
2.621554374694824
2.61960768699646
2.632425546646118
2.630802631378174
3.329045534133911
3.341055393218994
3.332383394241333
3.3320229053497314
3.3329529762268066
3.334712505340576
3.332974910736084
3.3252670764923096
3.335968017578125
3.332374095916748
3.3387720584869385
3.3346376419067383
3.3307132720947266
2.622966766357422
2.633657455444336
2.634248733520508
2.6247470378875732
3.3314297199249268
2.6332156658172607
3.3300983905792236
2.6301097869873047
2.624448776245117
3.3312110900878906
2.6199870109558105
3.329693555831909
3.336193799972534
3.3298819065093994
3.3343875408172607
3.3321075439453125
3.3321378231048584
3.321058988571167
3.3332479000091553
3.332948923110962
3.3290369510650635
3.3303728103637695
3.3295531272888184
3.3247601985931396
3.3276755809783936
2.6210949420928955
3.335130214691162
3.3314096927642822
3.3263630867004395
3.328385591506958
3.3421905040740967
3.3326377868652344
3.337106466293335
3.3463244438171387
3.3347463607788086
3.3313639163970947
3.332660675048828
3.3250720500946045
3.3365635871887207
3.3341996669769287
3.3302412033081055
3.3311538696289062
3.342397451400757
2.6220357418060303
3.3245339393615723
3.331009864807129
3.334277391433716
3.338400363922119
3.327584981918335
3.3370532989501953
3.3294050693511963
3.3317079544067383
3.3273990154266357
3.3353731632232666
3.3349621295928955
3.334543228149414
3.3318846225738525
3.3273730278015137
2.6255388259887695
2.6309096813201904
2.626098871231079
2.6201107501983643
3.3338351249694824
3.332736015319824
2.6208958625793457
3.324420928955078
2.6258022785186768
2.6298680305480957
2.636476993560791
3.3330161571502686
2.631915807723999
3.3283498287200928
3.330531597137451
3.3374109268188477
3.322314977645874
3.3283936977386475
3.375309467315674
3.3282947540283203
3.3349103927612305
2.6294500827789307
3.330026626586914
2.6257681846618652
2.632387638092041
3.3298823833465576
3.352766275405884
3.3384997844696045
3.330364227294922
3.334364414215088
3.3306596279144287
3.3261892795562744
3.3318076133728027
3.329650640487671
3.3308887481689453
3.3251752853393555
3.3226914405822754
2.622645378112793
2.6280384063720703
2.6299984455108643
3.3316779136657715
3.3303897380828857
3.33149790763855
3.3322088718414307
3.3324904441833496
3.3251209259033203
3.3270113468170166
3.3343679904937744
3.3313755989074707
3.3423147201538086
2.624281167984009
3.3283421993255615
2.622450590133667
3.3313400745391846
2.62036395072937
3.3279829025268555
3.3329856395721436
3.3275790214538574
3.3322091102600098
3.3246731758117676
3.3358631134033203
3.332763671875
3.3398375511169434
3.3273541927337646
3.327240228652954
2.625979423522949
3.3284618854522705
3.3368356227874756
3.333153009414673
3.334869146347046
3.3377106189727783
3.3296616077423096
3.3292253017425537
3.3317627906799316
3.329615354537964
3.328125238418579
3.327411651611328
3.3325130939483643
3.3261160850524902
3.3296732902526855
3.323808431625366
3.3270063400268555
2.6314198970794678
3.3283395767211914
3.3416037559509277
3.329914093017578
3.3255510330200195
3.326979398727417
3.3291049003601074
3.32865309715271
3.3294317722320557
3.3262174129486084
3.3335726261138916
3.330228328704834
3.3292949199676514
3.324409246444702
3.3291175365448
3.3316612243652344
2.6207756996154785
3.332663059234619
3.3283655643463135
3.3301773071289062
3.3360581398010254
3.3278491497039795
3.3339970111846924
3.3295083045959473
3.326347827911377
2.62296724319458
3.326036214828491
2.633127450942993
3.3276333808898926
2.620103359222412
2.6387412548065186
3.3265511989593506
3.3251113891601562
3.333493947982788
3.338557481765747
3.328728437423706
3.3412678241729736
3.334099531173706
3.332396984100342
2.621356964111328
2.6224284172058105
2.6534016132354736
2.620889663696289
2.631837844848633
3.3266727924346924
3.332397937774658
3.327099084854126
3.333089828491211
3.324077844619751
3.3336994647979736
3.3373587131500244
3.3330676555633545
3.3414549827575684
3.337869882583618
2.6222829818725586
3.3276612758636475
3.3270320892333984
3.331519365310669
3.3258471488952637
3.3248329162597656
3.328202486038208
3.331416606903076
3.3275258541107178
3.3400802612304688
3.3255562782287598
3.328064203262329
2.630866289138794
2.6238582134246826
3.33149790763855
3.3261148929595947
3.3286187648773193
3.325923204421997
3.333510637283325
3.3264176845550537
3.3294591903686523
3.3270678520202637
3.325451135635376
3.330442428588867
3.340559720993042
3.3288381099700928
3.3293285369873047
3.3263113498687744
3.3349523544311523
3.3268070220947266
3.3226733207702637
3.325467109680176
3.3497562408447266
3.331437587738037
3.3355605602264404
3.3292155265808105
3.3309848308563232
3.32765793800354
3.327751398086548
3.3320047855377197
3.3295702934265137
3.3289899826049805
2.6191318035125732
2.6255273818969727
3.328279495239258
2.6343276500701904
3.3291215896606445
3.332021713256836
3.3286385536193848
3.3247203826904297
3.3418397903442383
3.3324739933013916
3.3322248458862305
3.332465171813965
3.335440158843994
3.332345485687256
3.328366756439209
3.3301053047180176
3.326418161392212
2.630654811859131
2.6219704151153564
2.6239614486694336
3.326341390609741
2.6240885257720947
2.6266019344329834
2.638714551925659
3.328974723815918
3.328169822692871
3.334561824798584
3.323820114135742
3.3338005542755127
3.3269498348236084
3.3218917846679688
3.3285980224609375
3.329602003097534
3.331594467163086
2.626488447189331
3.327441692352295
3.336808443069458
2.629028081893921
2.6169607639312744
3.328054666519165
3.334460973739624
3.327672243118286
3.3315227031707764
3.3265604972839355
3.3290796279907227
3.3306643962860107
3.3256778717041016
3.330463171005249
3.3317744731903076
2.621734857559204
2.642285108566284
2.629687547683716
3.3287248611450195
3.335693359375
3.3268165588378906
3.327943801879883
3.324218273162842
3.3339016437530518
3.3279340267181396
3.3362984657287598
3.3287322521209717
2.633517265319824
3.3297488689422607
2.630814790725708
3.331786870956421
3.332418203353882
3.328345775604248
3.325779676437378
3.3285813331604004
3.331773281097412
3.323824882507324
3.327348232269287
3.3296356201171875
3.3328351974487305
2.6272199153900146
2.6281230449676514
2.631998300552368
3.3281195163726807
3.3239519596099854
3.328923463821411
3.3348236083984375
3.333099126815796
3.3305976390838623
3.3312811851501465
3.340439796447754
3.331331968307495
3.3213846683502197
3.3311774730682373
3.3289430141448975
2.6236412525177
2.625666379928589
3.339022636413574
3.3277297019958496
3.339660882949829
3.3326621055603027
3.333040475845337
3.328887462615967
3.3312981128692627
3.3297500610351562
3.328033208847046
3.3283851146698
2.6272294521331787
3.326570749282837
3.3267645835876465
3.333965301513672
3.328075647354126
3.338876724243164
3.3330962657928467
3.3245928287506104
3.335167169570923
3.3277060985565186
3.343923807144165
3.3422188758850098
2.6291706562042236
2.617788076400757
2.622960329055786
2.619112491607666
2.623497486114502
2.623349189758301
2.629598617553711
3.3359334468841553
3.326350450515747
3.3246700763702393
3.3277549743652344
3.3307318687438965
3.331453323364258
3.3244788646698
3.328110694885254
3.3353817462921143
3.3249495029449463
3.3291878700256348
2.630783796310425
2.624081611633301
2.6233201026916504
3.3275489807128906
2.621917486190796
3.3300251960754395
3.3268048763275146
3.33276629447937
3.3313679695129395
3.33241605758667
3.332329750061035
3.3266005516052246
3.3332812786102295
3.3293073177337646
3.334376096725464
2.6302835941314697
3.3444690704345703
3.3352794647216797
3.3278675079345703
3.3399603366851807
3.3285422325134277
3.326993703842163
3.329979419708252
3.326491117477417
3.33089280128479
3.3284127712249756
3.3343093395233154
3.3276703357696533
3.3259456157684326
3.3298470973968506
3.3274176120758057
3.325773239135742
3.3321266174316406
3.3308920860290527
3.36236572265625
3.3329436779022217
3.3281219005584717
2.6262919902801514
2.621381998062134
3.337592124938965
3.3301336765289307
3.338006019592285
3.3275609016418457
3.340211868286133
3.336461067199707
3.328347682952881
3.331393003463745
3.333146810531616
3.3267745971679688
3.325444221496582
3.3382415771484375
3.329698324203491
3.3297793865203857
3.3302552700042725
2.634122848510742
3.3381948471069336
3.3317153453826904
3.329498052597046
3.331843137741089
3.3242998123168945
3.3281006813049316
3.327488899230957
3.3289883136749268
3.3261005878448486
3.329342842102051
3.331430196762085
3.3306503295898438
3.335289239883423
3.3379321098327637
3.333517074584961
3.330794334411621
3.3246819972991943
3.322481632232666
3.321443796157837
3.324337959289551
3.3371517658233643
3.324846029281616
3.334402322769165
2.6198885440826416
2.624112606048584
3.336745023727417
3.3284502029418945
3.326575994491577
3.326066732406616
3.3278298377990723
3.3348522186279297
3.3293118476867676
3.327623128890991
3.3275632858276367
3.3251149654388428
3.3243513107299805
3.331928014755249
2.6219027042388916
3.326575517654419
2.6176698207855225
