4.00050163269043
1.8805773258209229
1.9050102233886719
3.9886229038238525
1.9055290222167969
1.8878891468048096
3.9094018936157227
1.8434686660766602
1.9630963802337646
3.95560884475708
1.895111083984375
1.8711998462677002
3.9745032787323
1.8991851806640625
1.9249897003173828
3.9826784133911133
1.8435659408569336
1.9345579147338867
3.9599759578704834
1.909301996231079
1.9226763248443604
3.8802950382232666
1.9054312705993652
1.9382336139678955
3.88663387298584
1.994471788406372
1.901313304901123
3.9902687072753906
1.9036962985992432
1.91914963722229
3.938720941543579
1.9974324703216553
1.9027528762817383
3.9772746562957764
1.839240312576294
1.9927866458892822
3.9664225578308105
1.862668514251709
1.8852965831756592
3.878662586212158
1.8960723876953125
1.7996525764465332
3.9675452709198
2.000030040740967
1.931896448135376
3.925388813018799
1.8873701095581055
1.8831207752227783
3.9185333251953125
1.9014344215393066
1.8974401950836182
3.8488667011260986
1.9098384380340576
1.92730712890625
3.951453924179077
2.0117650032043457
1.8343961238861084
3.9917008876800537
1.8932106494903564
1.9559733867645264
3.805309295654297
1.8151161670684814
1.8456768989562988
3.9976086616516113
1.8381969928741455
1.8743305206298828
3.9526376724243164
1.928095817565918
1.8791348934173584
3.9994187355041504
1.8840577602386475
1.908308982849121
3.9382009506225586
1.8938260078430176
1.88128662109375
3.9019341468811035
1.9331436157226562
1.880030632019043
3.9529006481170654
1.9096100330352783
1.892387866973877
3.8905441761016846
1.8982419967651367
1.8701446056365967
3.9827075004577637
1.9052133560180664
1.8984229564666748
3.9163222312927246
1.8625640869140625
1.9170000553131104
3.9408233165740967
1.9146485328674316
1.9393110275268555
3.96709942817688
1.9337918758392334
1.918046236038208
3.9392290115356445
1.9904804229736328
1.8229265213012695
3.9413082599639893
1.8922712802886963
1.946981430053711
3.8597116470336914
1.9049630165100098
1.878889560699463
3.9488937854766846
1.806441068649292
1.9367244243621826
3.945399284362793
1.9232532978057861
1.908951759338379
3.9733994007110596
1.8859786987304688
1.8265163898468018
3.9727413654327393
1.9107120037078857
1.90065598487854
3.9622528553009033
1.8064887523651123
1.8834590911865234
3.9694015979766846
1.9283699989318848
1.883185625076294
3.8929176330566406
1.9005117416381836
2.0015604496002197
3.8771965503692627
2.0066654682159424
1.976926326751709
3.900240898132324
1.9113304615020752
1.882568597793579
3.966189384460449
1.931833267211914
1.8260877132415771
3.9263663291931152
2.0117740631103516
1.9081130027770996
3.878462791442871
1.886002779006958
1.8968286514282227
3.889453649520874
1.8856520652770996
1.8918893337249756
3.8596014976501465
1.9445326328277588
1.9214212894439697
3.932452440261841
1.9534661769866943
1.951085090637207
3.9242937564849854
1.8916394710540771
1.8897852897644043
3.9589991569519043
1.8576455116271973
2.011683225631714
3.9762208461761475
1.9107468128204346
1.875575065612793
3.9982118606567383
1.9057796001434326
1.8938360214233398
3.877523422241211
1.9212310314178467
1.8921582698822021
3.943450927734375
1.94730806350708
1.9034113883972168
3.924621820449829
1.8212063312530518
2.0426130294799805
3.948613405227661
1.879122257232666
1.8776628971099854
3.852604389190674
2.0351438522338867
1.9114811420440674
3.9106948375701904
1.8881523609161377
1.8954038619995117
3.988250494003296
1.9161269664764404
1.9077403545379639
3.9442644119262695
1.9065563678741455
1.8944616317749023
3.9238998889923096
1.9119446277618408
1.894742727279663
3.889753580093384
1.9396858215332031
1.8965167999267578
3.9527180194854736
1.8204176425933838
1.9242346286773682
3.985057830810547
1.900583267211914
1.900893211364746
3.881230354309082
2.0242369174957275
1.9267513751983643
3.9134738445281982
1.9139456748962402
1.9447815418243408
3.893181562423706
1.9285352230072021
1.9511208534240723
3.9622881412506104
1.8166825771331787
2.0411131381988525
3.8797121047973633
1.9033303260803223
1.906224250793457
3.902801513671875
1.939368486404419
1.9210546016693115
3.845644950866699
2.0139920711517334
1.910792350769043
3.8692283630371094
2.0001301765441895
1.8341712951660156
3.8957955837249756
1.8571012020111084
1.9555459022521973
3.9866256713867188
1.9410436153411865
1.9216468334197998
3.8784821033477783
1.9207735061645508
1.9579212665557861
3.863344192504883
1.9063620567321777
1.9079186916351318
4.005791902542114
1.8806698322296143
1.9483880996704102
3.9474828243255615
1.8368556499481201
1.9518530368804932
3.89322829246521
1.882413625717163
1.9507899284362793
3.940612554550171
1.8767080307006836
1.890185832977295
3.8430185317993164
1.9157390594482422
1.9038639068603516
3.9013640880584717
1.931002140045166
1.8503813743591309
3.9583580493927
1.9285862445831299
1.9208893775939941
3.9153225421905518
1.9145984649658203
1.8883721828460693
3.920966386795044
1.8806452751159668
1.9330034255981445
3.8951222896575928
1.8928439617156982
1.9152882099151611
3.9258861541748047
1.8149447441101074
1.9962668418884277
3.863696336746216
1.8972313404083252
1.9122321605682373
3.92014479637146
1.9132461547851562
1.8986220359802246
3.9734416007995605
1.9212019443511963
1.8386032581329346
3.9839932918548584
1.8937852382659912
1.9358386993408203
3.9673779010772705
1.9362263679504395
1.9322850704193115
3.9754550457000732
1.9024224281311035
1.8877928256988525
4.047407865524292
1.938286542892456
1.806687355041504
3.9864702224731445
1.8762073516845703
1.898427963256836
3.9818501472473145
1.8960587978363037
1.9094674587249756
3.9258313179016113
1.9975907802581787
1.9328601360321045
3.9142842292785645
1.887256145477295
1.8945939540863037
3.827728033065796
1.995800495147705
1.918931245803833
3.933202028274536
1.930593490600586
1.946786642074585
3.9255826473236084
1.9375278949737549
1.9371612071990967
3.977295160293579
1.897237777709961
1.9153687953948975
3.9638519287109375
1.8910255432128906
1.8850736618041992
4.065418481826782
1.9235098361968994
1.9127564430236816
3.9441823959350586
1.8990988731384277
1.9180302619934082
3.9222769737243652
2.0012245178222656
1.919731616973877
3.909404993057251
1.796680212020874
2.0174202919006348
3.9704596996307373
1.8864200115203857
1.968614101409912
3.901195526123047
1.8945083618164062
1.9971363544464111
3.8753502368927
1.9137961864471436
1.906445026397705
3.985652446746826
1.8753244876861572
1.9505970478057861
3.9916279315948486
1.8983111381530762
1.9137952327728271
3.917954921722412
2.001154899597168
1.9229764938354492
3.937790632247925
1.891392707824707
1.9389464855194092
3.964806318283081
1.9155826568603516
1.9721813201904297
3.862476110458374
1.920365810394287
1.8934431076049805
3.9596331119537354
1.9413878917694092
1.9998366832733154
3.9231371879577637
1.923006296157837
1.8787815570831299
3.972172737121582
1.9057354927062988
1.9907288551330566
3.9861693382263184
1.8355827331542969
1.9816899299621582
3.964387893676758
1.9212019443511963
1.930004358291626
3.9127047061920166
1.947235345840454
1.9096994400024414
3.957152843475342
1.9763920307159424
2.024003267288208
3.9935920238494873
1.9327900409698486
1.9034569263458252
4.040565490722656
1.9412925243377686
1.8822717666625977
3.9194047451019287
1.9393129348754883
1.8888146877288818
3.970529556274414
1.9901950359344482
1.9042484760284424
3.955601453781128
1.9340062141418457
1.8713464736938477
3.986962080001831
1.9051475524902344
1.9160022735595703
3.972376585006714
1.9533958435058594
1.908529281616211
3.931277275085449
1.908081293106079
1.8874588012695312
3.971562385559082
1.876542568206787
1.991973876953125
3.9086761474609375
1.8738384246826172
1.9241671562194824
3.960463047027588
1.9115452766418457
1.8988182544708252
3.988635540008545
1.8910658359527588
2.0065038204193115
3.9155421257019043
1.911891222000122
1.931957721710205
3.9635403156280518
1.8935554027557373
1.9789190292358398
3.928884267807007
1.8917877674102783
1.8893077373504639
4.006314277648926
1.8998053073883057
1.8953120708465576
3.9916374683380127
1.938169240951538
1.9076511859893799
3.9490199089050293
1.8840322494506836
1.9257185459136963
3.983752489089966
1.934802532196045
1.8684475421905518
3.9388046264648438
2.0242509841918945
1.9077389240264893
3.882967472076416
1.8772497177124023
1.9507884979248047
4.0163633823394775
1.9076886177062988
1.9294500350952148
3.9175333976745605
1.886648178100586
1.915998935699463
3.9346718788146973
2.0070910453796387
1.9170081615447998
3.922715663909912
1.905442476272583
1.9120984077453613
3.9254331588745117
1.8966882228851318
1.9354567527770996
4.0194480419158936
1.9180872440338135
1.9200260639190674
3.9607436656951904
1.9231033325195312
1.9114809036254883
3.969752788543701
1.8882973194122314
1.934471607208252
3.926787853240967
1.8957042694091797
2.028634548187256
3.892813205718994
1.9858455657958984
1.9268264770507812
3.943504810333252
1.9482624530792236
1.8993785381317139
3.9555015563964844
1.8497049808502197
1.9371728897094727
3.97918701171875
1.935622215270996
1.943835735321045
3.9055511951446533
1.900174856185913
1.8958942890167236
3.967315673828125
1.9197797775268555
1.9069325923919678
3.975743055343628
2.004544496536255
1.883939504623413
3.9537858963012695
1.9030401706695557
1.9303913116455078
3.991544008255005
1.9269428253173828
1.92753267288208
3.921405553817749
1.9046812057495117
1.9885039329528809
3.956695318222046
1.917541742324829
1.9976046085357666
3.898883819580078
1.9358975887298584
1.897411823272705
3.9137425422668457
1.9041693210601807
1.8967840671539307
3.9485034942626953
1.9281129837036133
1.895576000213623
3.9792492389678955
1.9035060405731201
1.934408187866211
3.9494998455047607
1.8977859020233154
1.9407305717468262
3.922046184539795
1.9100456237792969
1.9145398139953613
4.038384675979614
1.9038450717926025
1.9301748275756836
3.9617395401000977
1.9107091426849365
1.8767025470733643
3.9958438873291016
1.9310379028320312
1.887556791305542
4.007638692855835
1.8624684810638428
1.9406013488769531
4.008235692977905
1.9141316413879395
1.919316053390503
3.9532134532928467
1.904176950454712
2.0043113231658936
3.957718849182129
1.9053311347961426
2.0059492588043213
3.962080717086792
1.9083428382873535
1.9888687133789062
3.9745352268218994
1.9240987300872803
1.9054815769195557
3.981475830078125
1.9440367221832275
1.9185893535614014
3.923042058944702
1.8845677375793457
1.9045422077178955
3.977560520172119
1.9202594757080078
1.9141459465026855
3.971677303314209
1.9549312591552734
1.936683177947998
3.9178078174591064
1.9190139770507812
1.9433298110961914
3.933288097381592
1.8359732627868652
1.9428205490112305
3.973379611968994
1.9119071960449219
1.8837783336639404
3.8960678577423096
1.9328246116638184
2.0148043632507324
3.913715124130249
1.8882949352264404
1.897979974746704
3.9408910274505615
1.8912100791931152
1.9367754459381104
3.9218738079071045
1.9111566543579102
2.000871181488037
3.863508462905884
1.812774896621704
1.9932875633239746
3.946521759033203
1.90142822265625
1.9039864540100098
3.9079442024230957
1.9079265594482422
1.9243264198303223
3.933469295501709
1.895169973373413
1.9282302856445312
3.98569393157959
1.924971103668213
1.9239072799682617
3.9231858253479004
1.903383731842041
1.9224696159362793
3.9776599407196045
1.9207258224487305
1.872748613357544
3.943542957305908
1.903228998184204
1.9010443687438965
3.9473717212677
1.8980293273925781
1.8806965351104736
3.924994945526123
1.9029595851898193
1.8829424381256104
3.915944814682007
2.0099589824676514
1.90055513381958
4.015072345733643
1.9033808708190918
1.8990094661712646
3.8767199516296387
1.918067455291748
1.9228496551513672
3.9417238235473633
1.9098708629608154
1.9206185340881348
3.8526244163513184
2.0062522888183594
1.9053847789764404
3.945380449295044
1.8334541320800781
2.017061233520508
3.8242690563201904
1.9293782711029053
2.0070769786834717
3.926623821258545
1.90523362159729
1.9145441055297852
3.890465497970581
1.8366551399230957
1.9942772388458252
3.9285056591033936
1.8975944519042969
1.9274156093597412
3.988912582397461
1.8183188438415527
2.03731107711792
