3.9860446453094482
1.8971292972564697
1.924691915512085
3.8960559368133545
1.9138526916503906
1.925924301147461
3.895117998123169
1.813262701034546
1.92628812789917
3.8948702812194824
1.923112154006958
1.895664930343628
3.9480905532836914
1.9281268119812012
1.9236626625061035
3.9750571250915527
1.845111608505249
1.9219388961791992
3.9425394535064697
1.941558599472046
1.9068458080291748
3.8974173069000244
1.9432122707366943
1.9415299892425537
3.88926362991333
1.8961591720581055
1.8946421146392822
3.9786794185638428
1.9063589572906494
1.8856992721557617
3.936615467071533
1.9228086471557617
1.9311292171478271
3.9015095233917236
1.8313190937042236
2.0139310359954834
3.9088358879089355
1.7929604053497314
1.904083490371704
3.8763949871063232
1.800851821899414
1.8277103900909424
3.911268949508667
1.909672737121582
1.926062822341919
3.9402124881744385
1.8965442180633545
1.940953254699707
3.92415452003479
1.8995661735534668
1.9025213718414307
3.8914682865142822
1.9051628112792969
1.9299652576446533
3.88087797164917
1.8970482349395752
1.8371083736419678
3.9880969524383545
1.8284938335418701
1.9472811222076416
3.833906650543213
1.8595411777496338
1.8314340114593506
3.989237070083618
1.745500087738037
1.8871350288391113
3.9403324127197266
1.9385380744934082
1.8981142044067383
3.971731185913086
1.9154539108276367
1.896256446838379
3.9366471767425537
1.9277286529541016
1.918954849243164
3.9397318363189697
1.9508304595947266
1.9092936515808105
3.896131992340088
1.9016728401184082
1.8756847381591797
3.885345935821533
1.9304556846618652
1.8884663581848145
3.9739747047424316
1.915748119354248
1.894573450088501
3.914052963256836
1.8424553871154785
1.902085304260254
3.9402568340301514
1.914964199066162
1.940739631652832
4.00807785987854
1.9228172302246094
1.8057901859283447
3.947660207748413
1.9407665729522705
1.827333688735962
3.9433395862579346
1.8990886211395264
1.9374983310699463
3.863189697265625
1.9260506629943848
1.9001240730285645
3.9818644523620605
1.8224153518676758
1.9210362434387207
3.911527633666992
1.9186761379241943
1.9004101753234863
3.902975559234619
1.820815086364746
1.8117811679840088
3.9076433181762695
1.9391965866088867
1.9076762199401855
3.867030143737793
1.8089990615844727
1.9225857257843018
3.9905405044555664
1.8858776092529297
1.9364020824432373
3.878697395324707
1.9028470516204834
1.885404109954834
3.8879554271698
1.9178879261016846
1.9032459259033203
3.891094446182251
1.903843879699707
1.9106040000915527
3.9000954627990723
1.9143555164337158
1.8375415802001953
3.9169485569000244
1.877002477645874
1.905273675918579
3.876708984375
1.7997426986694336
1.9054055213928223
3.909043550491333
1.83573579788208
1.9185724258422852
3.8726491928100586
1.9337496757507324
1.9276454448699951
3.9600770473480225
1.8938367366790771
1.9552843570709229
3.9167349338531494
1.913334608078003
1.8998286724090576
3.9046483039855957
1.8353612422943115
1.923370122909546
3.9265859127044678
1.9095633029937744
1.8932487964630127
3.8775155544281006
1.9044363498687744
1.8963136672973633
3.919952869415283
1.9239130020141602
1.8761746883392334
3.9097464084625244
1.9145896434783936
1.9053030014038086
3.881855010986328
1.8388328552246094
1.920306921005249
3.9154186248779297
1.8816502094268799
1.9243485927581787
3.8506338596343994
1.9024193286895752
1.8997573852539062
3.9052977561950684
1.7993073463439941
1.8953571319580078
3.899399995803833
1.913348913192749
1.9064838886260986
3.9387710094451904
1.8912391662597656
1.9061849117279053
3.938908338546753
1.9053328037261963
1.8796916007995605
3.878571033477783
1.942197561264038
1.90793776512146
3.9250378608703613
1.7916734218597412
1.9207017421722412
3.90409779548645
1.8284318447113037
1.9368867874145508
3.829725742340088
1.9044370651245117
1.8909928798675537
3.8787789344787598
1.9048612117767334
1.9555230140686035
3.8910303115844727
1.931462049484253
1.9220068454742432
3.9623663425445557
1.7784905433654785
1.9190382957458496
3.8655660152435303
1.9077973365783691
1.913358449935913
3.8836522102355957
1.9202227592468262
1.9407055377960205
3.8557817935943604
1.8911118507385254
1.9238433837890625
3.8587753772735596
1.9903130531311035
1.8450393676757812
3.9134938716888428
1.845484972000122
1.9554693698883057
3.889285087585449
1.9630744457244873
1.8285813331604004
3.864359140396118
1.933030605316162
1.82157301902771
3.8552770614624023
1.9387874603271484
1.9143033027648926
3.876636028289795
1.9456398487091064
1.8071227073669434
3.839473009109497
1.8456530570983887
1.9194903373718262
3.901657819747925
1.925520420074463
1.956702470779419
3.9228172302246094
1.8401799201965332
1.9209144115447998
3.856076955795288
1.9061245918273926
1.933281660079956
3.9046854972839355
1.8327462673187256
1.8324718475341797
3.96339750289917
1.9223582744598389
1.9181280136108398
3.9088525772094727
1.9037411212921143
1.9084179401397705
3.8153538703918457
1.8634655475616455
1.9184062480926514
3.936113119125366
1.9066596031188965
1.8838937282562256
3.9697697162628174
1.8058538436889648
2.016934871673584
3.8632102012634277
1.917349100112915
1.922057867050171
3.9607036113739014
1.9092662334442139
1.9005439281463623
3.987657308578491
1.9484515190124512
1.841015100479126
4.003866910934448
1.9236090183258057
1.8953521251678467
3.8887205123901367
1.9139716625213623
1.9258923530578613
3.8839428424835205
1.8978559970855713
1.9231374263763428
4.002566337585449
1.9552702903747559
1.8443241119384766
4.015923738479614
1.8736686706542969
1.9052956104278564
3.973428249359131
1.9011313915252686
1.909555435180664
3.951580047607422
1.8886618614196777
1.953315019607544
3.9490058422088623
1.91105055809021
1.9012672901153564
3.841831684112549
2.041755437850952
1.9215729236602783
3.9374563694000244
1.904634952545166
1.9413044452667236
3.9276418685913086
1.9379000663757324
1.926819086074829
3.993387460708618
1.9117052555084229
1.9063129425048828
3.953836441040039
1.8992748260498047
1.914564609527588
3.9909207820892334
1.9223027229309082
1.913804531097412
3.933420419692993
1.8913614749908447
1.9005851745605469
3.9206910133361816
1.8802130222320557
1.898555040359497
3.9267354011535645
1.8270072937011719
2.004443883895874
3.886018991470337
1.9412755966186523
1.9287383556365967
3.9353106021881104
1.9167487621307373
1.9057443141937256
3.891310930252075
1.9155097007751465
1.929947853088379
3.881866455078125
1.8941209316253662
1.9171571731567383
3.9108493328094482
1.9079997539520264
1.9123280048370361
3.942685604095459
2.007751941680908
1.9333393573760986
3.9438750743865967
1.9192886352539062
1.957259178161621
3.8907482624053955
1.9201886653900146
1.937237024307251
3.882760763168335
1.9235882759094238
1.9003980159759521
3.9266793727874756
1.894212245941162
1.9010558128356934
3.8924195766448975
1.9307548999786377
1.8918049335479736
3.9985313415527344
1.9027025699615479
1.9002676010131836
3.9560654163360596
1.8484251499176025
1.9968042373657227
3.8702433109283447
1.89766526222229
1.9303345680236816
3.9330952167510986
1.9149823188781738
1.9201011657714844
3.918130874633789
1.94417142868042
1.9078257083892822
3.87955379486084
1.9082741737365723
1.8800864219665527
3.9867589473724365
1.803035020828247
1.9028401374816895
3.925577402114868
1.9203565120697021
1.895944595336914
3.9008631706237793
1.9137260913848877
1.939734935760498
3.932147264480591
1.9216692447662354
1.883436918258667
3.9988515377044678
1.901721715927124
1.9084961414337158
3.9188575744628906
1.9382338523864746
1.9133055210113525
3.9392688274383545
1.903371810913086
1.9169411659240723
3.9024360179901123
1.8926045894622803
1.9868698120117188
3.89985728263855
1.8871002197265625
1.9277465343475342
3.9510903358459473
1.9404525756835938
1.9310178756713867
3.9568874835968018
1.9000575542449951
1.8928747177124023
3.938387155532837
1.9011578559875488
1.9278395175933838
3.888911008834839
1.8996596336364746
2.030935525894165
3.914175510406494
1.9070320129394531
1.883368730545044
3.898491382598877
1.9033482074737549
1.9315881729125977
3.957087993621826
1.9299092292785645
1.9082353115081787
3.913033962249756
1.8820180892944336
1.9164648056030273
3.9484336376190186
1.9592289924621582
1.882551908493042
3.9434754848480225
1.8790063858032227
1.904846429824829
3.882845640182495
1.8808465003967285
1.9508800506591797
3.990757465362549
1.9067370891571045
1.944199800491333
3.922262191772461
1.8197541236877441
1.9287824630737305
3.9561927318573
2.007120132446289
1.8992457389831543
3.9093892574310303
1.9560017585754395
1.8912146091461182
3.9176723957061768
1.8952796459197998
1.9247362613677979
4.024703502655029
1.9078302383422852
1.9087481498718262
3.9322333335876465
1.9134149551391602
1.90327787399292
3.9663305282592773
1.9258759021759033
1.9343388080596924
3.9333019256591797
1.894209623336792
1.9774844646453857
3.881340265274048
1.8920869827270508
1.8821005821228027
3.915679454803467
1.9286916255950928
1.8915281295776367
3.955501079559326
1.848221778869629
1.9651782512664795
3.9759678840637207
1.9609644412994385
1.9220354557037354
3.886793613433838
1.898735761642456
1.9056510925292969
3.894909620285034
1.9163289070129395
1.9226272106170654
3.9344635009765625
1.9190680980682373
1.9095418453216553
3.864532232284546
1.9011526107788086
1.953157663345337
3.89225435256958
1.926821231842041
1.9374275207519531
3.9270784854888916
1.9510798454284668
1.8967690467834473
3.9496359825134277
1.9030883312225342
1.9106683731079102
3.92297625541687
1.9304242134094238
1.9140801429748535
3.9489340782165527
1.9030096530914307
1.9262211322784424
3.9418044090270996
1.951052188873291
1.9189105033874512
3.922671318054199
1.921724557876587
1.9347519874572754
3.9413845539093018
1.8960108757019043
1.9589436054229736
3.8875386714935303
1.9062893390655518
1.9229087829589844
4.013038635253906
1.9123265743255615
1.930542230606079
3.9531636238098145
1.9073045253753662
1.8835444450378418
3.976346015930176
1.9614410400390625
1.9062771797180176
3.8842642307281494
1.7808358669281006
1.9152724742889404
4.007993221282959
1.8978095054626465
1.9469106197357178
3.94830584526062
1.8884289264678955
1.91447114944458
3.8857882022857666
1.913212776184082
1.8963537216186523
3.932934522628784
1.8886511325836182
1.9058749675750732
3.890145778656006
1.906104564666748
1.8788304328918457
3.9712300300598145
1.9567618370056152
1.9012184143066406
3.9256045818328857
1.8835723400115967
1.9149844646453857
4.008547306060791
1.9091911315917969
1.9137747287750244
3.8938817977905273
1.8322691917419434
1.900984525680542
3.941359043121338
1.9017653465270996
1.9209847450256348
3.9651880264282227
1.825549840927124
1.9411509037017822
3.9719555377960205
1.9010419845581055
1.9070394039154053
3.8693249225616455
1.8847124576568604
1.905665397644043
3.907741069793701
1.9102120399475098
1.9238567352294922
3.920233964920044
1.9011764526367188
1.92197585105896
3.914506435394287
1.9134676456451416
1.916480541229248
3.8695130348205566
1.832526445388794
1.9095749855041504
3.9135940074920654
1.900270700454712
1.9485421180725098
3.9002745151519775
1.9657506942749023
1.8880364894866943
3.90358829498291
1.8884336948394775
1.9347975254058838
3.963034152984619
1.8883328437805176
1.9564855098724365
3.9112892150878906
1.9080219268798828
1.923318862915039
3.8840692043304443
1.8179903030395508
1.9016597270965576
3.8852829933166504
1.901933193206787
1.8993520736694336
3.953742504119873
1.9263455867767334
1.8897490501403809
3.9182348251342773
1.8961918354034424
1.90962553024292
3.8680832386016846
1.905341625213623
1.9045462608337402
3.9078619480133057
1.92695951461792
1.9009761810302734
3.88484525680542
1.9158387184143066
1.9555153846740723
3.916219711303711
1.8988933563232422
1.9125869274139404
3.857654571533203
1.895927906036377
1.9058313369750977
3.9252307415008545
1.819507122039795
1.903385877609253
3.870575189590454
1.9124133586883545
1.893129587173462
3.893852472305298
1.8913180828094482
1.9099040031433105
3.8851020336151123
1.801349401473999
1.8936665058135986
3.9146058559417725
1.8717148303985596
1.918318748474121
3.982266902923584
1.8399903774261475
1.8918769359588623
