4.0585198402404785
1.9010090827941895
1.915846347808838
3.910278081893921
1.8902196884155273
1.9263205528259277
3.8769121170043945
1.829578161239624
1.9083311557769775
3.8846700191497803
1.9077718257904053
1.9007699489593506
3.9506351947784424
1.8849513530731201
1.894434928894043
3.977752447128296
1.8171133995056152
1.9592883586883545
3.9344255924224854
1.9352614879608154
1.8779170513153076
3.905181884765625
1.9435226917266846
1.9449093341827393
3.8760595321655273
1.9027721881866455
1.8975560665130615
3.9694814682006836
1.8992388248443604
1.9122371673583984
3.9142308235168457
1.9006335735321045
1.89579176902771
3.9258105754852295
1.8307068347930908
1.9994051456451416
3.8954176902770996
1.8567168712615967
1.8995130062103271
3.905130386352539
1.7871034145355225
1.8323118686676025
3.887169361114502
1.893836498260498
1.9315764904022217
3.9306998252868652
1.909630537033081
1.905858039855957
3.8912625312805176
1.7889528274536133
1.912003755569458
3.9197137355804443
1.9193835258483887
1.9071767330169678
3.889620780944824
1.884261131286621
1.8285083770751953
3.9721806049346924
1.8448536396026611
1.9439263343811035
3.805114984512329
1.8286447525024414
1.8768351078033447
3.870866298675537
1.7554950714111328
1.846553087234497
3.911982774734497
1.9149038791656494
1.9158060550689697
3.970066785812378
1.937842845916748
1.9000842571258545
3.908019542694092
1.9438738822937012
1.951503038406372
3.927525281906128
1.9225776195526123
1.8723852634429932
3.885403633117676
1.88364577293396
1.8873445987701416
3.8884334564208984
1.9226748943328857
1.8918604850769043
3.9713666439056396
1.8944447040557861
1.949108600616455
3.8953328132629395
1.8402354717254639
1.946092128753662
3.9379076957702637
1.8868074417114258
1.9181265830993652
4.0065178871154785
1.8906989097595215
1.8253064155578613
3.9163196086883545
1.9044663906097412
1.8194754123687744
3.914045572280884
1.90252685546875
1.9286787509918213
3.8958070278167725
1.9064745903015137
1.9256093502044678
3.9692914485931396
1.8551504611968994
1.9263176918029785
3.8877625465393066
1.9389147758483887
1.9059298038482666
3.897541046142578
1.820741891860962
1.8331341743469238
3.8840014934539795
1.9194841384887695
1.8302257061004639
3.8612468242645264
1.833590030670166
1.899803638458252
3.994812250137329
1.815117597579956
1.9014763832092285
3.862290382385254
1.9314947128295898
1.8920748233795166
3.874307155609131
1.9244487285614014
1.941154956817627
3.87056040763855
1.92155122756958
1.8980090618133545
3.8893468379974365
1.882197380065918
1.8109896183013916
3.941927909851074
1.9190492630004883
1.909471035003662
3.870353937149048
1.8230462074279785
1.915848970413208
3.8739655017852783
1.8668935298919678
1.8867006301879883
3.8925015926361084
1.9367170333862305
1.9275004863739014
3.952753782272339
1.9204893112182617
1.928342342376709
3.912637948989868
1.8977463245391846
1.9073753356933594
3.902062177658081
1.816174030303955
1.8960707187652588
3.9124882221221924
1.8991739749908447
1.8993089199066162
3.8650102615356445
1.9126875400543213
1.9009263515472412
3.9077939987182617
1.9060134887695312
1.897007942199707
3.9436278343200684
1.9153361320495605
1.8945345878601074
3.8636817932128906
1.799461841583252
1.8982141017913818
3.945188045501709
1.9029393196105957
1.911031723022461
3.853071689605713
1.9164161682128906
1.9025273323059082
3.86267352104187
1.7886159420013428
1.9365522861480713
3.914062023162842
1.9079575538635254
1.9112446308135986
3.936737537384033
1.8819847106933594
1.9056601524353027
3.904878616333008
1.9022843837738037
1.9230623245239258
3.8868062496185303
1.927720546722412
1.9047322273254395
3.921213150024414
1.8278286457061768
1.928133249282837
3.9029171466827393
1.8268458843231201
1.9274146556854248
3.8614370822906494
1.911546230316162
1.9048283100128174
3.875173807144165
1.892293930053711
1.9326648712158203
3.8725547790527344
1.8927462100982666
1.947582483291626
3.983482599258423
1.822256088256836
1.9181749820709229
3.8925023078918457
1.8862178325653076
1.8979310989379883
3.8961775302886963
1.9034266471862793
1.9422898292541504
3.8576176166534424
1.9079034328460693
1.896845817565918
3.822702646255493
2.0063867568969727
1.8288264274597168
3.8669090270996094
1.830575942993164
1.936751365661621
3.907099962234497
1.9259822368621826
1.8282766342163086
3.8728742599487305
1.8939380645751953
1.8655977249145508
3.840343952178955
1.920301914215088
1.9104981422424316
3.9087796211242676
1.910203218460083
1.8000059127807617
3.852426290512085
1.801943063735962
1.9177029132843018
3.875568389892578
1.9149830341339111
1.9223880767822266
3.8743903636932373
1.8578691482543945
1.9016332626342773
3.8355867862701416
1.922788381576538
1.8844397068023682
3.9133236408233643
1.819725513458252
1.863419771194458
3.9431211948394775
1.9139561653137207
1.9162039756774902
3.862169027328491
1.9516870975494385
1.7872099876403809
3.803914785385132
1.8529980182647705
1.9279227256774902
3.914865493774414
1.8953702449798584
1.9237451553344727
3.951608896255493
1.835510015487671
1.9976816177368164
3.885206460952759
1.9122519493103027
1.933016300201416
3.930595636367798
1.9153742790222168
1.9165277481079102
3.978114366531372
1.9432764053344727
1.8609638214111328
4.0260703563690186
1.891859769821167
1.9243857860565186
3.8847010135650635
1.9234569072723389
1.9201505184173584
3.9045889377593994
1.8882930278778076
1.9039511680603027
4.019669532775879
1.8223984241485596
1.8246304988861084
4.024634122848511
1.8878059387207031
1.9118657112121582
3.9634475708007812
1.9186043739318848
1.91373610496521
3.934134006500244
1.89439058303833
1.9192335605621338
3.9171762466430664
1.9253246784210205
1.9097163677215576
3.8722026348114014
2.0167369842529297
1.8859314918518066
3.9496278762817383
1.8880443572998047
1.914618730545044
3.94122576713562
1.93458890914917
1.927156686782837
3.9602460861206055
1.903965950012207
1.8833439350128174
3.9925858974456787
1.897336483001709
1.889967918395996
4.005155324935913
1.9144630432128906
1.910571813583374
3.9154694080352783
1.8935275077819824
1.8993198871612549
3.9369826316833496
1.8896300792694092
1.9004428386688232
3.9563686847686768
1.8219401836395264
2.014688491821289
3.8875486850738525
1.895054817199707
1.9376990795135498
3.91929292678833
1.926607608795166
1.8977324962615967
3.8800902366638184
1.904853343963623
1.9090075492858887
3.8976082801818848
1.8905937671661377
1.9269232749938965
3.8926806449890137
1.8937978744506836
1.8921184539794922
3.924741268157959
2.0088050365448
1.9328646659851074
3.923201084136963
1.957500696182251
1.908623456954956
3.87540602684021
1.9055564403533936
1.830758810043335
3.874724864959717
1.923279047012329
1.8872566223144531
3.9287912845611572
1.9325952529907227
1.8940730094909668
3.9277358055114746
1.9184091091156006
1.8878445625305176
3.9828858375549316
1.9159331321716309
1.9143741130828857
3.829836368560791
1.8390886783599854
1.89351224899292
3.8778810501098633
1.9079182147979736
1.9002485275268555
3.936326265335083
1.9387319087982178
1.9451911449432373
3.9411866664886475
1.935215950012207
1.9035305976867676
3.8713219165802
1.8832895755767822
1.8899333477020264
3.9122281074523926
1.7993292808532715
1.898573637008667
3.951699733734131
1.8988256454467773
1.8875761032104492
3.904285192489624
1.8954863548278809
1.9160666465759277
3.9471323490142822
1.920398473739624
1.8954505920410156
3.970290422439575
1.8875739574432373
1.9219729900360107
3.8967552185058594
1.9138524532318115
1.890235185623169
3.932081699371338
1.8879940509796143
1.8955762386322021
3.9048385620117188
1.9147846698760986
2.0071728229522705
3.8753132820129395
1.8751015663146973
1.92169189453125
3.934265613555908
1.9367518424987793
1.9124846458435059
3.9892494678497314
1.91943359375
1.885878086090088
3.8928675651550293
1.903898000717163
1.927635908126831
3.911161422729492
1.8912463188171387
2.003669500350952
3.929131031036377
1.89357590675354
1.8906207084655762
3.8968505859375
1.9126441478729248
1.917004108428955
3.9644687175750732
1.929311752319336
1.8831069469451904
3.9341864585876465
1.8916032314300537
1.9175693988800049
3.960951089859009
1.9227917194366455
1.892012119293213
3.9117164611816406
1.8847885131835938
1.8956775665283203
3.8720815181732178
1.8877978324890137
1.9500932693481445
3.9837915897369385
1.892566204071045
1.9279568195343018
3.922358989715576
1.8429489135742188
1.9314050674438477
3.956197500228882
2.0230584144592285
1.8938679695129395
3.9068048000335693
1.9183671474456787
1.8984127044677734
3.9428157806396484
1.9646236896514893
1.8971753120422363
3.9866743087768555
1.8997464179992676
1.9399259090423584
3.9609785079956055
1.926145315170288
1.9014337062835693
3.944000005722046
1.898012638092041
1.924576759338379
3.916128396987915
1.9055848121643066
2.0027434825897217
3.8808681964874268
1.87717604637146
1.915219783782959
3.935528516769409
1.9226760864257812
1.8852450847625732
4.005005598068237
1.8472747802734375
1.9382100105285645
3.9821667671203613
1.9243388175964355
1.9081382751464844
3.9073808193206787
1.9075593948364258
1.8977735042572021
3.900601387023926
1.9501616954803467
1.9431533813476562
3.9505770206451416
1.9030766487121582
1.9054679870605469
3.879647970199585
1.8804676532745361
1.912456750869751
3.8955841064453125
1.9383962154388428
1.9206559658050537
3.9040682315826416
1.9149668216705322
1.9039642810821533
3.9323832988739014
1.9040460586547852
1.915147304534912
3.94171404838562
1.9302818775177002
1.891446828842163
3.9392220973968506
1.9573683738708496
1.8946051597595215
3.9476401805877686
1.9415056705474854
1.9094116687774658
3.8964579105377197
1.8946008682250977
1.9411499500274658
3.9376449584960938
1.898789882659912
1.9484808444976807
3.923760175704956
1.9166162014007568
1.9172215461730957
3.986936330795288
1.8857293128967285
1.929314136505127
3.959625244140625
1.9043357372283936
1.8923232555389404
3.984658718109131
1.9196932315826416
1.9220738410949707
3.882944107055664
1.8686795234680176
1.9428856372833252
3.9640309810638428
1.8983099460601807
1.911588191986084
3.9212610721588135
1.9165222644805908
1.8901500701904297
3.8726747035980225
1.9058003425598145
1.9151058197021484
3.9500043392181396
1.8902480602264404
1.8982594013214111
3.905369997024536
1.890937328338623
1.9025988578796387
3.9806220531463623
1.9375956058502197
1.8938441276550293
3.943962574005127
1.9007439613342285
1.9047493934631348
3.979346513748169
1.9099087715148926
1.898348093032837
3.899494171142578
1.8431768417358398
1.9152863025665283
3.9573066234588623
1.877624750137329
1.9354383945465088
3.944432497024536
1.812619924545288
1.9409594535827637
3.9789175987243652
1.901777982711792
1.880216360092163
3.8982505798339844
1.922196865081787
1.8928871154785156
3.8839223384857178
1.9086358547210693
1.9016435146331787
3.9337754249572754
1.9007258415222168
1.909026861190796
3.881593704223633
1.9093585014343262
1.9108095169067383
3.893071174621582
1.8272366523742676
1.9010076522827148
3.9203577041625977
1.9005389213562012
1.9259817600250244
3.8773698806762695
1.8925187587738037
1.8864552974700928
3.972975254058838
1.9158320426940918
1.9152941703796387
4.005749940872192
1.9259116649627686
1.8944957256317139
3.938180923461914
1.8766920566558838
1.9212100505828857
3.8866257667541504
1.832129716873169
1.9132916927337646
3.883554697036743
1.894536018371582
1.9122557640075684
3.9514107704162598
1.8950159549713135
1.9409112930297852
3.927718162536621
1.8970386981964111
1.89353346824646
3.8967247009277344
1.8936758041381836
1.910630226135254
3.8980724811553955
1.7918660640716553
1.906383991241455
3.8570799827575684
1.9138681888580322
1.9454386234283447
3.9236741065979004
1.892935037612915
1.9003267288208008
3.8416223526000977
1.882206678390503
1.8948161602020264
3.8645877838134766
1.826794147491455
1.8843071460723877
3.8354134559631348
1.9709875583648682
1.9307115077972412
3.920140027999878
1.9014265537261963
1.917022466659546
3.903700351715088
1.8391990661621094
1.8782849311828613
3.916977643966675
1.899611234664917
1.8906304836273193
3.9514195919036865
1.8155417442321777
1.9155912399291992
